202202210020000010,-8.0,4.47213595499958
012210212201112222,-8.0,5.385164807134504
210002002001200100,-7.0,5.0
010022010010220000,-9.0,5.0
100110101122102212,-7.0,5.0
210000020010020000,-8.0,5.0
010012210000220000,-9.0,5.0
010002220000020000,-9.0,5.0
221120222202222211,-6.0,4.47213595499958
112210222222222211,-8.0,5.385164807134504
212201222000110122,-7.0,5.0
010002020000022000,-9.0,5.0
010012220010020000,-9.0,5.0
020021010001122010,-8.0,5.0
000011001200120010,-7.0,5.0
100022120010020010,-7.0,5.0
010022220000022000,-9.0,5.0
110020022122221222,-4.0,4.47213595499958
010012020010120000,-9.0,5.0
010002010000120010,-9.0,5.0
202202210020020000,-8.0,4.47213595499958
112210221212122222,-7.0,5.0
212210221212122211,-8.0,5.656854249492381
010010200200020000,-5.0,4.47213595499958
010001000100020000,-7.0,5.0
210002010010010000,-8.0,5.385164807134504
010002002000010100,-7.0,5.0
020020001210000000,-8.0,4.47213595499958
010022220000020000,-9.0,5.0
010002220010022010,-9.0,5.0
010001001002202212,-8.0,5.385164807134504
222222222202222112,-6.0,4.47213595499958
010022220000020010,-9.0,5.0
212220212222120000,-8.0,5.0
212220212222220000,-8.0,5.0
212202122000020000,-8.0,5.0
110020000222202202,-6.0,4.47213595499958
010011220010010010,-8.0,5.0
010012020000222000,-9.0,5.0
100022210020020000,-8.0,5.385164807134504
010022010010120000,-9.0,5.0
020020012210000000,-8.0,4.47213595499958
212220212202220000,-8.0,5.0
010002020000120000,-9.0,5.0
212211220210000000,-8.0,5.0
010010102212102212,-8.0,5.0
202222211020020010,-8.0,4.47213595499958
202222210012222202,-8.0,5.0990195135927845
222100002001011001,-2.0,4.47213595499958
010002220010020010,-9.0,5.0
212210212202120000,-8.0,5.0
010002010010120010,-9.0,5.0
200001220000120010,-7.0,5.0
110002212020000200,-6.0,4.47213595499958
212211221210000000,-8.0,5.0
010012010000020010,-9.0,5.0
212220200200120010,-4.0,4.47213595499958
112222201202222211,-8.0,5.385164807134504
112222202221112211,-7.0,5.0
010012010010020000,-9.0,5.0
010021220010000100,-8.0,5.0
022222222010010000,-6.0,4.47213595499958
010002010020020000,-9.0,5.0
010002020000122010,-9.0,5.0
212201222212000010,-8.0,5.0
010012210000020010,-9.0,5.0
202222211020020010,-8.0,4.47213595499958
010022210000120000,-9.0,5.0
020012212000020000,-8.0,4.47213595499958
212221221212011000,-8.0,5.0
112200222220221020,-5.0,4.47213595499958
010022210000120000,-9.0,5.0
020020002210010000,-8.0,4.47213595499958
200202002011000010,-4.0,4.47213595499958
010011220010010000,-8.0,5.0
010001220000000100,-8.0,5.0
112022020222221212,-3.0,4.47213595499958
020022001011020000,-8.0,5.656854249492381
010012220010020000,-9.0,5.0
020110000210020000,-7.0,4.47213595499958
212211220210000000,-8.0,5.0
100022100110120000,-7.0,5.0
010011221000110010,-8.0,5.0
202202210020010000,-8.0,4.47213595499958
022112222212221212,-7.0,5.0
010012020000020000,-9.0,5.0
112220220220220000,-5.0,4.47213595499958
010002220010020000,-9.0,5.0
202202210020000100,-8.0,4.47213595499958
020020002210000020,-8.0,4.47213595499958
010022220010122000,-9.0,5.0
010022210000020000,-9.0,5.0
020020011212010000,-8.0,4.47213595499958
202202212210000100,-7.0,5.0
001012220101020000,-7.0,5.0
020002210000020000,-8.0,4.47213595499958
102122202202221220,-7.0,5.0
202122220000222000,-8.0,5.385164807134504
200020010122000010,-6.0,5.0
110020020222202212,-6.0,4.47213595499958
210011020010120010,-8.0,5.0
121221022222020222,-3.0,4.47213595499958
011012001002210000,-8.0,5.385164807134504
221000002000020020,-4.0,4.47213595499958
001012212000020010,-7.0,5.0
010012020010120000,-9.0,5.0
202202112210012212,-8.0,4.47213595499958
212220001100110000,-6.0,5.0
220211221121220220,-4.0,4.47213595499958
212201221212001010,-8.0,5.0
002212112022222221,-2.0,4.47213595499958
022222022010010010,-6.0,4.47213595499958
010022010020020010,-9.0,5.0
200101212200222220,-2.0,4.47213595499958
212202122000020000,-8.0,5.0
220220220222202112,-6.0,4.47213595499958
212210002212102212,-8.0,5.0
010012020010220000,-9.0,5.0
010020010012002000,-5.0,4.47213595499958
011012000000110010,-8.0,5.385164807134504
100010200110220221,-3.0,4.47213595499958
010002210020020010,-9.0,5.0
202222210020020000,-8.0,4.47213595499958
010011220010110000,-8.0,5.0
020012210011020000,-8.0,4.47213595499958
211122002202202221,-7.0,5.0
120001000210000010,-7.0,5.0
202212220010020000,-8.0,5.0
221000221000102002,-3.0,4.47213595499958
012211222222222222,-6.0,4.47213595499958
211220022102202212,-7.0,5.0
012212010020000002,-5.0,4.47213595499958
020020200000102211,-5.0,4.47213595499958
202212120000020010,-8.0,5.0
202202210020000100,-8.0,4.47213595499958
010010120000022011,-7.0,5.0
010001220000110000,-8.0,5.0
222010200202000000,-2.0,4.47213595499958
010001220000100020,-8.0,5.0
200201100010122122,-2.0,4.47213595499958
212212020000122000,-8.0,5.0
100200100100120000,-5.0,4.47213595499958
210010020000120000,-8.0,5.0
202202210020020000,-8.0,4.47213595499958
010012210020020000,-9.0,5.0
102002020020011000,-5.0,4.47213595499958
010002010000222010,-9.0,5.0
212221220212010020,-8.0,5.0
020020011210010010,-8.0,4.47213595499958
1002002100022002002000,-9.0,5.0990195135927845
0220222221211221110001,-7.0,5.830951894845301
0001001012210000002000,-6.0,5.656854249492381
1222221021220022110220,-7.0,5.830951894845301
0211221020021001110221,-5.0,5.385164807134504
2000010001102002100221,-6.0,5.656854249492381
0222222222201002220021,-5.0,5.385164807134504
0222222222121001000200,-6.0,5.656854249492381
2002002221002001102000,-8.0,7.0710678118654755
1220222201222210220221,-9.0,5.385164807134504
1001221201210220220220,-8.0,7.280109889280518
2001221201011001220000,-7.0,5.830951894845301
1002120101021000221001,-6.0,5.656854249492381
0122022200220222221001,-5.0,5.385164807134504
1220222211220122002000,-8.0,6.324555320336759
1000102002001222002001,-8.0,6.324555320336759
1221000002001012002001,-6.0,5.385164807134504
1002111000000012001101,-8.0,7.615773105863909
1002110021001121000010,-6.0,5.656854249492381
1222100102001002001010,-7.0,5.385164807134504
1222220211222220222221,-8.0,5.830951894845301
1222220022110222220221,-8.0,5.830951894845301
1011001220012002011001,-8.0,5.830951894845301
0010101222000011222222,-5.0,5.385164807134504
1002002002102000001101,-8.0,7.211102550927978
1000002001210220222222,-8.0,6.708203932499369
1001002001200220222222,-7.0,5.830951894845301
2002002000220002002000,-8.0,5.830951894845301
1002002012002100021001,-8.0,6.324555320336759
2100220100011001021202,-6.0,5.830951894845301
1000122222012022122222,-4.0,5.385164807134504
0000220100011001021200,-5.0,5.656854249492381
0220121122122222211000,-6.0,5.656854249492381
1220221122122222201000,-7.0,6.4031242374328485
1000102002101102000022,-7.0,5.385164807134504
2102000012202000100100,-7.0,5.656854249492381
1220010200202000100101,-6.0,5.385164807134504
1002001100120002002000,-9.0,5.0990195135927845
2221000012002001201001,-7.0,5.830951894845301
1220222210222211221121,-7.0,5.385164807134504
1220221100022010222221,-7.0,5.656854249492381
0100201100022010222221,-5.0,5.385164807134504
0022202002101100012000,-5.0,5.0990195135927845
2022202002001000012000,-8.0,7.211102550927978
1022202002102000002001,-7.0,5.830951894845301
1001001222220122012000,-6.0,5.385164807134504
0001012002002201000010,-7.0,5.656854249492381
1002012002002201000000,-8.0,5.830951894845301
2002011000002201000000,-6.0,5.385164807134504
1222011001002002002000,-8.0,6.324555320336759
0001001002002000002000,-8.0,5.385164807134504
1120222122002210220110,-6.0,5.0990195135927845
1220222022221222222220,-7.0,5.385164807134504
0220220220122222121220,-9.0,5.830951894845301
1000000111011000221002,-7.0,5.830951894845301
2000011221111002011000,-6.0,5.385164807134504
1001221201002002002000,-7.0,5.385164807134504
1220222021210222220222,-8.0,6.324555320336759
1220210220222112122220,-8.0,5.385164807134504
0222222222122222121222,-9.0,5.830951894845301
0222002002000021002001,-7.0,5.0990195135927845
1001001001022022222222,-4.0,5.0990195135927845
2000221202002100220010,-7.0,5.0990195135927845
1220220112220220220221,-8.0,5.830951894845301
1221001220210220222220,-8.0,6.4031242374328485
0221001220220221221120,-7.0,5.385164807134504
1222222122100221111221,-8.0,5.830951894845301
2002002002002001002002,-7.0,5.385164807134504
1002001100222002002001,-9.0,5.0990195135927845
1220220220221120222222,-8.0,5.830951894845301
2200220220121120222222,-7.0,5.385164807134504
0220012002000021002001,-7.0,5.0990195135927845
0220221111001101220221,-6.0,5.385164807134504
0220222222110220220221,-9.0,7.0710678118654755
1220220221221220222221,-9.0,5.385164807134504
0001001011220220022110,-5.0,5.0990195135927845
2102001002002001102001,-8.0,5.830951894845301
2200200022200100211000,-5.0,5.0990195135927845
1002002010220220211220,-8.0,5.830951894845301
2000012122220220211220,-6.0,5.385164807134504
2002000222001002002001,-7.0,5.656854249492381
2002001122101002002001,-6.0,5.385164807134504
0000110020001002002001,-3.0,5.0990195135927845
1000221002001002001011,-7.0,5.385164807134504
2000100112222222122222,-3.0,5.0990195135927845
2101000002001002002000,-8.0,5.385164807134504
1002000000110222211221,-6.0,5.385164807134504
1002000100120010120221,-7.0,5.656854249492381
1002002220200002002001,-7.0,5.385164807134504
2002112002002002102001,-9.0,7.0710678118654755
2000022002002001202001,-8.0,5.830951894845301
1221121220222222221222,-6.0,5.385164807134504
1221121220220220121221,-7.0,5.656854249492381
2002010000221010000000,-4.0,5.385164807134504
2002011000221011001010,-6.0,5.830951894845301
1001101221201100011000,-7.0,5.830951894845301
1002122221201100011001,-5.0,5.656854249492381
1221200011000222002000,-7.0,5.830951894845301
2002101100110022101000,-5.0,5.0990195135927845
2002002220100121002002,-6.0,5.385164807134504
1001101220010112002000,-8.0,5.830951894845301
1222221021220022112220,-7.0,5.830951894845301
0222222021220022102220,-5.0,5.385164807134504
1222221210212220220221,-9.0,5.830951894845301
1222220200221202222222,-7.0,5.385164807134504
0222020021000221000112,-4.0,5.0990195135927845
1222220021000221002001,-7.0,7.211102550927978
2002002220110001002000,-7.0,6.4031242374328485
0221001222000021001200,-5.0,5.385164807134504
1000001222000021001200,-6.0,5.830951894845301
1001220220122002212221,-7.0,5.0990195135927845
1000002002001020222221,-8.0,5.830951894845301
2002001200022220221121,-7.0,5.830951894845301
1221000002002001222221,-6.0,5.385164807134504
2002001221002000021000,-7.0,5.385164807134504
0222222222122221221001,-7.0,5.385164807134504
1210001012001001002020,-6.0,5.385164807134504
1001101220000102002002,-8.0,5.830951894845301
2002102002001222002121,-6.0,5.385164807134504
2021000202002000121001,-7.0,5.385164807134504
1010012202000102002000,-9.0,5.385164807134504
0100122000021000011000,-6.0,5.656854249492381
2002002001122020222222,-5.0,5.0990195135927845
1000002002002020222221,-8.0,5.830951894845301
1001002002102002001000,-7.0,5.385164807134504
0001000000220220222222,-5.0,5.0990195135927845
1220220200221120222222,-8.0,5.830951894845301
1100102002000001222222,-7.0,5.385164807134504
1001222220222201221112,-5.0,5.385164807134504
0011221002002012001012,-4.0,5.0990195135927845
1001221002002012001011,-7.0,5.385164807134504
1220220120222121122221,-7.0,5.830951894845301
0001000010222220222222,-5.0,5.0990195135927845
1001000010210220222221,-8.0,6.708203932499369
0001000010222220221222,-6.0,5.656854249492381
1002000212112001012001,-6.0,5.385164807134504
1002000212112102002000,-7.0,5.830951894845301
1002002100122002002011,-9.0,5.0990195135927845
1002002100222002002000,-9.0,5.0990195135927845
2211002002000101200002,-3.0,5.0990195135927845
2202002001121002002002,-6.0,5.0990195135927845
2002002001220002002001,-8.0,5.830951894845301
2002001221002002100110,-7.0,5.0990195135927845
0220222221120221211000,-8.0,6.708203932499369
1220222120220210220222,-9.0,5.385164807134504
0222222221120221200221,-8.0,6.4031242374328485
1221002001002000200210,-5.0,5.0990195135927845
1000220222201221222222,-7.0,5.385164807134504
0221200120221212222222,-7.0,5.830951894845301
1221202000000001102001,-6.0,5.385164807134504
1002001100222002002000,-9.0,5.0990195135927845
0001221120120010110012,-1.0,5.0990195135927845
1222221112200222220222,-8.0,5.830951894845301
1122001012001220000010,-5.0,5.385164807134504
1100110012002002110001,-7.0,5.830951894845301
1220220011000220101221,-6.0,5.385164807134504
1002001012002001221000,-7.0,5.385164807134504
2002002002220112002000,-8.0,5.830951894845301
1221202001100122002000,-7.0,5.0990195135927845
2002200200122201100021,-5.0,5.0990195135927845
1221122220120220221112,-7.0,5.385164807134504
1002001011022000002001,-8.0,6.324555320336759
2002001022101000002001,-6.0,5.385164807134504
1220220221222210222221,-9.0,5.385164807134504
2002101100120122111000,-5.0,5.0990195135927845
1002112002002000011000,-8.0,7.280109889280518
1221010000001002002001,-4.0,5.0990195135927845
2002002001012002002001,-9.0,7.0710678118654755
2110002000001012002001,-7.0,5.385164807134504
1001101020021011002000,-4.0,5.0990195135927845
1220222222212120221122,-8.0,6.324555320336759
2200220222121122110002,-5.0,5.0990195135927845
1002000000220220211221,-8.0,5.830951894845301
1221220222221200220221,-7.0,5.385164807134504
0221210222221212002001,-8.0,6.082762530298219
0222212222210222220222,-8.0,6.324555320336759
1010021222212222211220,-7.0,5.385164807134504
1000000011220222122221,-7.0,5.385164807134504
0220220221120221001220,-8.0,6.708203932499369
0012000221200000201001,-6.0,5.656854249492381
20221200200210012210000,-5.0,5.385164807134504
12002200102110012200010,-8.0,5.656854249492381
02002110002221000110002,-7.0,5.830951894845301
20220012210212222022220,-6.0,5.385164807134504
22102220000210101200100,-5.0,5.656854249492381
20221200001002211110000,-7.0,5.830951894845301
12002220002110012200002,-8.0,5.656854249492381
20002002000010000000001,-3.0,5.385164807134504
22202221002110000210010,-7.0,5.656854249492381
22202200002220002220000,-8.0,5.656854249492381
11002210002100002220101,-6.0,5.385164807134504
22202220102200102200101,-8.0,5.656854249492381
11221110000002211110000,-7.0,5.656854249492381
22202110002110012220000,-8.0,5.830951894845301
20221210000021221022120,-5.0,5.385164807134504
20221200000012211110011,-7.0,5.830951894845301
20010021222012211110011,-6.0,5.656854249492381
02000012121121002220101,-5.0,5.385164807134504
22002200002200002200111,-8.0,5.656854249492381
20221200001012211110011,-7.0,5.830951894845301
00222212211110012101001,-6.0,5.385164807134504
02001022121110000012211,-7.0,5.830951894845301
22202220002200002220001,-8.0,5.656854249492381
11002210002100002220100,-6.0,5.385164807134504
22201121220212212220000,-5.0,5.385164807134504
22001121222002211200001,-5.0,5.385164807134504
02002200101021222012210,-6.0,5.830951894845301
01001210002220101101222,-6.0,5.385164807134504
20221200000002211110011,-7.0,5.830951894845301
02002201000220100122220,-5.0,5.385164807134504
22002220102200102200102,-8.0,5.656854249492381
22102101000210012110012,-7.0,6.324555320336759
20002101001210001012122,-5.0,5.385164807134504
22002220002220002220001,-8.0,5.656854249492381
22200121221012212200000,-5.0,5.385164807134504
02000011220022121100101,-5.0,5.385164807134504
21002200102210000110000,-7.0,5.656854249492381
22201020000111002200100,-2.0,5.385164807134504
00222212200112212121220,-6.0,5.385164807134504
11221110001112211110011,-7.0,5.656854249492381
22001121221202212220000,-5.0,5.385164807134504
20221220002200002200000,-7.0,5.830951894845301
20221221000110002210000,-6.0,5.656854249492381
00012122111200100121222,-5.0,5.385164807134504
22202221001110000210010,-7.0,5.656854249492381
22202220002200102220101,-8.0,5.656854249492381
02000022121101002220202,-5.0,5.385164807134504
22002220002200102220101,-8.0,5.656854249492381
22002200102220102200000,-8.0,5.656854249492381
11221110010002211120200,-6.0,5.385164807134504
00220121221111000121220,-5.0,5.385164807134504
22002200102220102200000,-8.0,5.656854249492381
22002200102200102200000,-8.0,5.656854249492381
00221100102200100102211,-5.0,5.385164807134504
12002200002110002200001,-8.0,5.656854249492381
00221101000210002200101,-5.0,5.385164807134504
01001210002200101121220,-6.0,5.385164807134504
22002220002200102200101,-8.0,5.656854249492381
22002101000000221101000,-5.0,5.385164807134504
01002210012220100121221,-6.0,5.385164807134504
10220121210121222012211,-7.0,5.656854249492381
11000012211110002100201,-6.0,5.385164807134504
22202200002200102220000,-8.0,5.656854249492381
12202200001210002101001,-6.0,5.385164807134504
22202200102220002200000,-8.0,5.656854249492381
12002020012200101210001,-7.0,5.656854249492381
22001022120121222121221,-5.0,5.385164807134504
22002201002110000210000,-7.0,5.656854249492381
02002201002200102012122,-5.0,5.385164807134504
22200122111220100112211,-5.0,5.385164807134504
01000210012220000021221,-6.0,5.385164807134504
22202200102220002200001,-8.0,5.656854249492381
22202220102200102200001,-8.0,5.656854249492381
11221110000102202221001,-4.0,5.385164807134504
12002020012200000210011,-7.0,5.656854249492381
02002221001200000122220,-5.0,5.385164807134504
12202200000210002101001,-6.0,5.385164807134504
22202200002220102200001,-8.0,5.656854249492381
22002220102200102220001,-8.0,5.656854249492381
22001000002002001200101,-2.0,5.385164807134504
22202200002200002200101,-8.0,5.656854249492381
12202220001210012101001,-6.0,5.385164807134504
00221101002210002220102,-5.0,5.385164807134504
22002200002200002220002,-8.0,5.656854249492381
22202221000110000210010,-7.0,5.656854249492381
02002221002220001022220,-5.0,5.385164807134504
11221110000102211110000,-7.0,5.656854249492381
00221101002210012200000,-5.0,5.385164807134504
11000012211110001012211,-7.0,5.656854249492381
22201210002100001210001,-5.0,5.385164807134504
02000022022012211110000,-5.0,5.385164807134504
12202200001100122020220,-4.0,5.385164807134504
22202200002200002220000,-8.0,5.656854249492381
10222212211110012101001,-6.0,5.385164807134504
21220222212202222112202,-3.0,5.385164807134504
00221200002200002110002,-7.0,5.830951894845301
20220022122021221112210,-7.0,5.830951894845301
01002222222021221112210,-3.0,5.385164807134504
22002010010112210121222,-6.0,5.385164807134504
12000210012200102020002,-7.0,5.656854249492381
10020022120121220220100,-4.0,5.385164807134504
00221211001210002200100,-6.0,5.656854249492381
11000012211110000112211,-7.0,5.656854249492381
02001011222022221202202,-5.0,5.385164807134504
20220012212212220022222,-6.0,5.385164807134504
01200202000011222220100,-2.0,5.385164807134504
22102200101210002220100,-7.0,5.830951894845301
10022022110022121110011,-5.0,5.385164807134504
22002220002220002110011,-8.0,5.830951894845301
20220002212212210022221,-6.0,5.385164807134504
21222210002220001021220,-6.0,5.385164807134504
01220022120012211112212,-7.0,5.656854249492381
10220122112002222212222,-3.0,5.385164807134504
21221210002200101111221,-6.0,5.385164807134504
20222202221221121012211,-3.0,5.385164807134504
02002201000200000122221,-5.0,5.385164807134504
22102101001210012200001,-7.0,5.656854249492381
20221202002010001110000,-5.0,5.385164807134504
00221200102101002001002,-5.0,5.385164807134504
01220000102220100120010,-5.0,5.656854249492381
02002012002001000012212,-3.0,5.385164807134504
22001012212212221110000,-6.0,5.656854249492381
22000121221002212200101,-5.0,5.385164807134504
11000112211110000021222,-7.0,5.830951894845301
01222022122012211022121,-7.0,5.830951894845301
00220122220121221202221,-7.0,5.656854249492381
20221200020020011210001,-4.0,5.385164807134504
22200002022221221021222,-4.0,5.385164807134504
22201012210220221022021,-4.0,5.385164807134504
12002200002110012200010,-8.0,5.656854249492381
02202022012202200202000,-1.0,5.385164807134504
22002220102200102200001,-8.0,5.656854249492381
02002221000200001012120,-5.0,5.385164807134504
12002220000002210022121,-7.0,5.830951894845301
22002220002200000012122,-6.0,5.656854249492381
20220012211211201200100,-4.0,5.385164807134504
11000012212021221112211,-7.0,5.830951894845301
02002201002200100102222,-5.0,5.385164807134504
01002210002220101121221,-6.0,5.385164807134504
22202200002220102220000,-8.0,5.656854249492381
12002220002110002200000,-8.0,5.656854249492381
20222012210212210122022,-6.0,5.385164807134504
22002010012110002101000,-6.0,5.385164807134504
02000022121110002101000,-7.0,6.324555320336759
11220012212022121212210,-7.0,5.830951894845301
01000012212022121111000,-6.0,5.385164807134504
02002221002200001102222,-5.0,5.385164807134504
22202221002110012210000,-7.0,5.656854249492381
01002210002220001011222,-6.0,5.385164807134504
22202200102220102200100,-8.0,5.656854249492381
22202010020012211220010,-5.0,5.385164807134504
00220021221022122212212,-7.0,5.830951894845301
20020200102112211200000,-3.0,5.385164807134504
00220122220121220202200,-7.0,5.656854249492381
22000122022121221110010,-4.0,5.385164807134504
01001210002200100021220,-6.0,5.385164807134504
21221210002200000001222,-6.0,5.385164807134504
12002100202200001210020,-7.0,5.656854249492381
22000121220002211200102,-5.0,5.385164807134504
11002221000210012100100,-6.0,5.830951894845301
20221210000121220022222,-5.0,5.385164807134504
20221200100210000100000,-4.0,5.385164807134504
22202220002220002200012,-8.0,5.656854249492381
22002210001200000210010,-7.0,5.830951894845301
02002201002200101022022,-5.0,5.385164807134504
22202200002220102200012,-8.0,5.656854249492381
00221210012002002200001,-4.0,5.385164807134504
12002020002220000210011,-7.0,5.656854249492381
11221110010112211110010,-7.0,5.656854249492381
21000210012101000110001,-5.0,5.385164807134504
00221212002200001210011,-7.0,5.830951894845301
12202210000210012101000,-6.0,5.385164807134504
12202200000210002101001,-6.0,5.385164807134504
22002200002200002200100,-8.0,5.656854249492381
20221200000012211110000,-7.0,5.830951894845301
02210121220012210022120,-6.0,5.385164807134504
11221110001112210121221,-7.0,5.830951894845301
20221211000220000122121,-5.0,5.385164807134504
22002201002110001210002,-7.0,5.656854249492381
02000022121110001200100,-5.0,5.385164807134504
02000022121110000200000,-5.0,5.385164807134504
20221201000110000212010,-6.0,5.656854249492381
20221220000121220022121,-5.0,5.385164807134504
12002020012220101210010,-7.0,5.656854249492381
01001012212022120202211,-6.0,5.385164807134504
22002220002200002220001,-8.0,5.656854249492381
22202210001200102210011,-7.0,5.830951894845301
00221210001200100012211,-6.0,5.656854249492381
20221200000022222112120,-4.0,5.385164807134504
00221112210002121112210,-6.0,5.656854249492381
21220210012200001011221,-6.0,5.385164807134504
10012211220101102211100120000020010,-11.0,6.708203932499369
20012212210221122000100121000120020,-13.0,7.211102550927978
11122222011000002000020110201110002,-6.0,6.708203932499369
21220022100000112210100011001010012,-13.0,7.0710678118654755
10020022002000110010122102122202202,-8.0,6.708203932499369
01120022002000210010122102122002212,-13.0,7.211102550927978
10012200221022122021100021000020002,-13.0,7.0710678118654755
01211002220101102221100101001220020,-10.0,7.0710678118654755
11221020021010011221200201001020000,-9.0,6.708203932499369
12210001121221212212100221000120010,-13.0,7.280109889280518
21222022101001110022202022221122222,-11.0,7.211102550927978
21222021101001100221100101100220022,-13.0,7.615773105863909
01221011020020000011200120010101010,-11.0,7.211102550927978
01110012010010010200221210221122212,-11.0,7.0710678118654755
20120012101100100012220222221210012,-9.0,6.708203932499369
11220020210000011220100222000022012,-13.0,7.615773105863909
11011010010122022222022122002212102,-6.0,6.708203932499369
12212002112022022112000220220220010,-7.0,6.708203932499369
22020022010010111211100021000020001,-12.0,7.0710678118654755
12210000112121210222100120000122002,-13.0,7.211102550927978
00210000002121212222100120000122002,-10.0,7.0710678118654755
02002210212212122212100120100020001,-13.0,7.0710678118654755
10102221122222011001221212122222212,-12.0,8.602325267042627
11212220012201221201222211001010000,-6.0,6.708203932499369
01222012220001101212100000200020011,-13.0,6.708203932499369
12212010022120122120200020000100020,-12.0,7.280109889280518
02110000111221012122200020000000001,-9.0,7.0710678118654755
12002211112211122002122120221211002,-9.0,6.708203932499369
10120022001110100200022100221102210,-13.0,7.0710678118654755
21202211110001022222210010100010020,-10.0,6.708203932499369
01002220112211112201100120100120021,-13.0,7.0710678118654755
00220012220000002211222010000020000,-11.0,7.0710678118654755
21222122001001100122022102221202222,-10.0,6.708203932499369
21222022002001100122022101221202212,-12.0,7.211102550927978
00202200102002000220212000020101100,-6.0,6.708203932499369
22002201121212110000122122122212122,-12.0,7.0710678118654755
12212011211202212221100112222122211,-9.0,6.708203932499369
21221021002100011221100120010020022,-13.0,7.211102550927978
12210002220200200021200110000120011,-9.0,6.708203932499369
11220021100200101222100020000120012,-13.0,8.06225774829855
10222121112222212201101212022111020,-6.0,6.708203932499369
02211100210011022201100121000020000,-10.0,7.0710678118654755
10220001110201001200122102122102212,-10.0,7.0710678118654755
11012210022121102211001020010202202,-9.0,6.708203932499369
22202221022121222011000120010222012,-12.0,7.0710678118654755
02202211220020100201122120221122221,-12.0,7.211102550927978
22212211220020100201122120221122210,-13.0,7.810249675906654
11202222122201100222010222000110200,-6.0,6.708203932499369
00020022110011000122022121221102220,-13.0,7.280109889280518
22012220222221100002122100221102202,-11.0,6.708203932499369
02210002012000100001122100221122201,-13.0,7.211102550927978
10012200122222121001022212122022222,-13.0,7.280109889280518
00012200121222121002200111001100122,-12.0,7.0710678118654755
22012200121222121002200100222000112,-8.0,6.708203932499369
22202220212222022211001022010222010,-12.0,7.0710678118654755
01222022010000100221100111100220001,-13.0,8.06225774829855
11222200201000100221100111100220001,-11.0,7.211102550927978
12102200220212210222100211001220022,-13.0,7.211102550927978
01221002101002201221100020020020021,-12.0,6.4031242374328485
21220020200200011220100220000022000,-13.0,6.708203932499369
22012211122010220020100000200112202,-8.0,6.708203932499369
12012200122022012202220021001110012,-13.0,7.0710678118654755
12102201202222122121100120100222012,-13.0,7.0710678118654755
01202221121112211120221210220200010,-9.0,6.708203932499369
22110001121112211120221211000200020,-10.0,7.0710678118654755
21220022020010000012122120221222210,-13.0,7.0710678118654755
02211122100000000000122121221102222,-11.0,6.708203932499369
22110002210011100010122122120202210,-10.0,6.708203932499369
01002201202222210010122101221102220,-12.0,7.280109889280518
22002210121222122022100021001102212,-12.0,6.708203932499369
00210001211221012102011010220010022,-4.0,6.708203932499369
10210001110221210220100222000220002,-10.0,7.0710678118654755
12102201121221002210100020100020012,-13.0,7.0710678118654755
21222012200000102212100110200220000,-13.0,6.708203932499369
22212220022222021220100212221112200,-9.0,6.708203932499369
01210022010020021222100020000100000,-13.0,7.211102550927978
20002210120221222221100120010020022,-13.0,7.0710678118654755
21222020111001021222100222000102202,-12.0,6.708203932499369
21220022020010201102122101221122210,-13.0,7.0710678118654755
21220022100100002212100201001110002,-13.0,7.0710678118654755
01210012101001012210100120012010002,-9.0,6.708203932499369
12210022100200010021100110000020020,-10.0,6.708203932499369
21220022100000001221120020000120002,-13.0,7.211102550927978
00221100212222112112200211001020011,-11.0,7.280109889280518
21012211212212112111200011000220011,-9.0,7.0710678118654755
00220022220010001102122020221202210,-13.0,7.280109889280518
00210010101100200022100020000020020,-9.0,6.4031242374328485
12210010120221220222100020000220020,-13.0,7.0710678118654755
10120021100210100022022200221102211,-13.0,7.211102550927978
21220021100210100022022010000020010,-11.0,7.0710678118654755
21220022101000001112122201221002211,-13.0,7.0710678118654755
00222002101000001112122201221200110,-10.0,6.708203932499369
01112211110000022120100120100020020,-11.0,6.708203932499369
01210012200200012210100120000012220,-10.0,6.708203932499369
20002210121220012210100121000020010,-13.0,7.211102550927978
00220012101000100212100120100020012,-13.0,7.211102550927978
20220002101000100212100120000112212,-12.0,7.0710678118654755
12210002200000122100200010001202211,-9.0,6.708203932499369
22120012210000000002222121221102212,-13.0,7.211102550927978
20120012200010102000202201221020212,-10.0,7.0710678118654755
12212011212201022022210000010002002,-7.0,6.708203932499369
21220022010010101221000111000120000,-13.0,8.94427190999916
00000022112201022222210000000110021,-9.0,7.0710678118654755
01002210121222022120221201001010001,-12.0,7.0710678118654755
21221022100110022202001102100120020,-10.0,7.0710678118654755
11010022001000022202001002100120022,-7.0,6.4031242374328485
01000201211221202220000121121112010,-11.0,6.708203932499369
11020022010200022200100110101202212,-9.0,6.708203932499369
21020021101000200021122211200010000,-11.0,7.280109889280518
21220122101000100122022122201211000,-8.0,6.708203932499369
21220122100000100102221200001210010,-10.0,7.211102550927978
22121020021001112001022101221112201,-11.0,7.0710678118654755
01102020021001110012122211221112222,-7.0,6.708203932499369
20202212021020100221200111000122200,-9.0,6.708203932499369
20202212021000100221200111001220100,-10.0,7.810249675906654
00210000210221122000112000000120012,-10.0,7.615773105863909
11112122110000122220221120220212222,-4.0,6.708203932499369
00210000210221122000111000000020022,-9.0,7.280109889280518
11220021101000001221100020000020000,-13.0,7.280109889280518
21220011101000001221000020000020000,-10.0,6.708203932499369
10210010021122101222100022010200112,-11.0,7.0710678118654755
01200220020012210002101020002202012,-4.0,6.708203932499369
20112201022022202222021202221112102,-7.0,6.708203932499369
01002212121001001102122001221212110,-11.0,7.0710678118654755
22120022202001112002212101221101200,-11.0,6.708203932499369
11000012222211100012100120001220022,-5.0,6.4031242374328485
21220022011001000002122120221102212,-13.0,7.211102550927978
21011110120010022002022101100022001,-7.0,7.0710678118654755
12210001201221021220022120100022001,-11.0,7.615773105863909
01002200122222120222222100011002211,-11.0,7.211102550927978
00210010112112122201012211100110100,-7.0,6.708203932499369
21011012012001100102022100221110001,-10.0,7.0710678118654755
12210002210011200000212200000022010,-9.0,6.708203932499369
10210002210011200001022002212111212,-11.0,7.0710678118654755
10111012002000000120120100111020001,-10.0,7.211102550927978
02102000102010000100212100100020001,-6.0,6.708203932499369
22110110201100000000212220010010001,-7.0,6.708203932499369
12102201122012122221122220100022002,-13.0,7.0710678118654755
01200001211222201221100011001010010,-11.0,8.06225774829855
00222012011010200212022022122212000,-11.0,7.615773105863909
10222012001010000222022022122212000,-6.0,6.4031242374328485
10012200112121210221120000100122000,-11.0,7.615773105863909
01002222212122121221120000100122000,-9.0,6.708203932499369
01012210022121222202220020010122000,-12.0,8.602325267042627
21012212022222222202220020010022021,-11.0,7.211102550927978
10220022201110000112122001011020011,-11.0,7.211102550927978
00220012011000000122112001011020011,-10.0,7.0710678118654755
00222022100200010001112221221022100,-11.0,7.211102550927978
00002200201102002001022001221122212,-7.0,6.4031242374328485
12210022001200001001022101221122222,-13.0,7.0710678118654755
00222012220011000021100021000000221,-10.0,7.0710678118654755
