1,202202210020000010,-8.0,4.47213595499958
2,012210212201112222,-8.0,5.385164807134504
2,210002002001200100,-7.0,5.0
3,010022010010220000,-9.0,5.0
4,100110101122102212,-7.0,5.0
5,210000020010020000,-8.0,5.0
6,010012210000220000,-9.0,5.0
7,010002220000020000,-9.0,5.0
8,221120222202222211,-6.0,4.47213595499958
8,112210222222222211,-8.0,5.385164807134504
9,212201222000110122,-7.0,5.0
10,010002020000022000,-9.0,5.0
11,010012220010020000,-9.0,5.0
12,020021010001122010,-8.0,5.0
13,000011001200120010,-7.0,5.0
14,100022120010020010,-7.0,5.0
15,010022220000022000,-9.0,5.0
15,110020022122221222,-4.0,4.47213595499958
16,010012020010120000,-9.0,5.0
17,010002010000120010,-9.0,5.0
18,202202210020020000,-8.0,4.47213595499958
19,112210221212122222,-7.0,5.0
19,212210221212122211,-8.0,5.656854249492381
20,010010200200020000,-5.0,4.47213595499958
20,010001000100020000,-7.0,5.0
21,210002010010010000,-8.0,5.385164807134504
21,010002002000010100,-7.0,5.0
22,020020001210000000,-8.0,4.47213595499958
23,010022220000020000,-9.0,5.0
24,010002220010022010,-9.0,5.0
25,010001001002202212,-8.0,5.385164807134504
25,222222222202222112,-6.0,4.47213595499958
26,010022220000020010,-9.0,5.0
27,212220212222120000,-8.0,5.0
28,212220212222220000,-8.0,5.0
29,212202122000020000,-8.0,5.0
29,110020000222202202,-6.0,4.47213595499958
30,010011220010010010,-8.0,5.0
1,010012020000222000,-9.0,5.0
2,100022210020020000,-8.0,5.385164807134504
3,010022010010120000,-9.0,5.0
4,020020012210000000,-8.0,4.47213595499958
5,212220212202220000,-8.0,5.0
6,010002020000120000,-9.0,5.0
7,212211220210000000,-8.0,5.0
8,010010102212102212,-8.0,5.0
9,202222211020020010,-8.0,4.47213595499958
10,202222210012222202,-8.0,5.0990195135927845
11,222100002001011001,-2.0,4.47213595499958
11,010002220010020010,-9.0,5.0
12,212210212202120000,-8.0,5.0
13,010002010010120010,-9.0,5.0
14,200001220000120010,-7.0,5.0
14,110002212020000200,-6.0,4.47213595499958
15,212211221210000000,-8.0,5.0
16,010012010000020010,-9.0,5.0
17,212220200200120010,-4.0,4.47213595499958
18,112222201202222211,-8.0,5.385164807134504
18,112222202221112211,-7.0,5.0
19,010012010010020000,-9.0,5.0
20,010021220010000100,-8.0,5.0
21,022222222010010000,-6.0,4.47213595499958
22,010002010020020000,-9.0,5.0
23,010002020000122010,-9.0,5.0
24,212201222212000010,-8.0,5.0
25,010012210000020010,-9.0,5.0
26,202222211020020010,-8.0,4.47213595499958
27,010022210000120000,-9.0,5.0
28,020012212000020000,-8.0,4.47213595499958
29,212221221212011000,-8.0,5.0
29,112200222220221020,-5.0,4.47213595499958
30,010022210000120000,-9.0,5.0
1,020020002210010000,-8.0,4.47213595499958
2,200202002011000010,-4.0,4.47213595499958
2,010011220010010000,-8.0,5.0
3,010001220000000100,-8.0,5.0
4,112022020222221212,-3.0,4.47213595499958
4,020022001011020000,-8.0,5.656854249492381
5,010012220010020000,-9.0,5.0
6,020110000210020000,-7.0,4.47213595499958
6,212211220210000000,-8.0,5.0
7,100022100110120000,-7.0,5.0
8,010011221000110010,-8.0,5.0
9,202202210020010000,-8.0,4.47213595499958
10,022112222212221212,-7.0,5.0
11,010012020000020000,-9.0,5.0
12,112220220220220000,-5.0,4.47213595499958
12,010002220010020000,-9.0,5.0
13,202202210020000100,-8.0,4.47213595499958
14,020020002210000020,-8.0,4.47213595499958
15,010022220010122000,-9.0,5.0
16,010022210000020000,-9.0,5.0
17,020020011212010000,-8.0,4.47213595499958
18,202202212210000100,-7.0,5.0
19,001012220101020000,-7.0,5.0
20,020002210000020000,-8.0,4.47213595499958
21,102122202202221220,-7.0,5.0
21,202122220000222000,-8.0,5.385164807134504
22,200020010122000010,-6.0,5.0
23,110020020222202212,-6.0,4.47213595499958
24,210011020010120010,-8.0,5.0
25,121221022222020222,-3.0,4.47213595499958
25,011012001002210000,-8.0,5.385164807134504
26,221000002000020020,-4.0,4.47213595499958
26,001012212000020010,-7.0,5.0
27,010012020010120000,-9.0,5.0
28,202202112210012212,-8.0,4.47213595499958
29,212220001100110000,-6.0,5.0
30,220211221121220220,-4.0,4.47213595499958
1,212201221212001010,-8.0,5.0
1,002212112022222221,-2.0,4.47213595499958
2,022222022010010010,-6.0,4.47213595499958
3,010022010020020010,-9.0,5.0
3,200101212200222220,-2.0,4.47213595499958
4,212202122000020000,-8.0,5.0
5,220220220222202112,-6.0,4.47213595499958
6,212210002212102212,-8.0,5.0
7,010012020010220000,-9.0,5.0
8,010020010012002000,-5.0,4.47213595499958
9,011012000000110010,-8.0,5.385164807134504
9,100010200110220221,-3.0,4.47213595499958
10,010002210020020010,-9.0,5.0
10,202222210020020000,-8.0,4.47213595499958
11,010011220010110000,-8.0,5.0
12,020012210011020000,-8.0,4.47213595499958
13,211122002202202221,-7.0,5.0
14,120001000210000010,-7.0,5.0
15,202212220010020000,-8.0,5.0
16,221000221000102002,-3.0,4.47213595499958
17,012211222222222222,-6.0,4.47213595499958
18,211220022102202212,-7.0,5.0
19,012212010020000002,-5.0,4.47213595499958
20,020020200000102211,-5.0,4.47213595499958
20,202212120000020010,-8.0,5.0
21,202202210020000100,-8.0,4.47213595499958
22,010010120000022011,-7.0,5.0
23,010001220000110000,-8.0,5.0
23,222010200202000000,-2.0,4.47213595499958
24,010001220000100020,-8.0,5.0
24,200201100010122122,-2.0,4.47213595499958
25,212212020000122000,-8.0,5.0
26,100200100100120000,-5.0,4.47213595499958
26,210010020000120000,-8.0,5.0
27,202202210020020000,-8.0,4.47213595499958
27,010012210020020000,-9.0,5.0
28,102002020020011000,-5.0,4.47213595499958
28,010002010000222010,-9.0,5.0
29,212221220212010020,-8.0,5.0
30,020020011210010010,-8.0,4.47213595499958
1,1002002100022002002000,-9.0,5.0990195135927845
2,0220222221211221110001,-7.0,5.830951894845301
2,0001001012210000002000,-6.0,5.656854249492381
3,1222221021220022110220,-7.0,5.830951894845301
3,0211221020021001110221,-5.0,5.385164807134504
3,2000010001102002100221,-6.0,5.656854249492381
4,0222222222201002220021,-5.0,5.385164807134504
4,0222222222121001000200,-6.0,5.656854249492381
5,2002002221002001102000,-8.0,7.0710678118654755
6,1220222201222210220221,-9.0,5.385164807134504
7,1001221201210220220220,-8.0,7.280109889280518
7,2001221201011001220000,-7.0,5.830951894845301
8,1002120101021000221001,-6.0,5.656854249492381
8,0122022200220222221001,-5.0,5.385164807134504
9,1220222211220122002000,-8.0,6.324555320336759
10,1000102002001222002001,-8.0,6.324555320336759
10,1221000002001012002001,-6.0,5.385164807134504
11,1002111000000012001101,-8.0,7.615773105863909
11,1002110021001121000010,-6.0,5.656854249492381
12,1222100102001002001010,-7.0,5.385164807134504
13,1222220211222220222221,-8.0,5.830951894845301
14,1222220022110222220221,-8.0,5.830951894845301
15,1011001220012002011001,-8.0,5.830951894845301
15,0010101222000011222222,-5.0,5.385164807134504
16,1002002002102000001101,-8.0,7.211102550927978
17,1000002001210220222222,-8.0,6.708203932499369
17,1001002001200220222222,-7.0,5.830951894845301
18,2002002000220002002000,-8.0,5.830951894845301
19,1002002012002100021001,-8.0,6.324555320336759
20,2100220100011001021202,-6.0,5.830951894845301
20,1000122222012022122222,-4.0,5.385164807134504
20,0000220100011001021200,-5.0,5.656854249492381
21,0220121122122222211000,-6.0,5.656854249492381
21,1220221122122222201000,-7.0,6.4031242374328485
22,1000102002101102000022,-7.0,5.385164807134504
23,2102000012202000100100,-7.0,5.656854249492381
23,1220010200202000100101,-6.0,5.385164807134504
24,1002001100120002002000,-9.0,5.0990195135927845
25,2221000012002001201001,-7.0,5.830951894845301
26,1220222210222211221121,-7.0,5.385164807134504
27,1220221100022010222221,-7.0,5.656854249492381
27,0100201100022010222221,-5.0,5.385164807134504
28,0022202002101100012000,-5.0,5.0990195135927845
28,2022202002001000012000,-8.0,7.211102550927978
28,1022202002102000002001,-7.0,5.830951894845301
29,1001001222220122012000,-6.0,5.385164807134504
30,0001012002002201000010,-7.0,5.656854249492381
30,1002012002002201000000,-8.0,5.830951894845301
30,2002011000002201000000,-6.0,5.385164807134504
1,1222011001002002002000,-8.0,6.324555320336759
2,0001001002002000002000,-8.0,5.385164807134504
2,1120222122002210220110,-6.0,5.0990195135927845
3,1220222022221222222220,-7.0,5.385164807134504
4,0220220220122222121220,-9.0,5.830951894845301
5,1000000111011000221002,-7.0,5.830951894845301
5,2000011221111002011000,-6.0,5.385164807134504
6,1001221201002002002000,-7.0,5.385164807134504
7,1220222021210222220222,-8.0,6.324555320336759
8,1220210220222112122220,-8.0,5.385164807134504
9,0222222222122222121222,-9.0,5.830951894845301
10,0222002002000021002001,-7.0,5.0990195135927845
11,1001001001022022222222,-4.0,5.0990195135927845
12,2000221202002100220010,-7.0,5.0990195135927845
12,1220220112220220220221,-8.0,5.830951894845301
13,1221001220210220222220,-8.0,6.4031242374328485
13,0221001220220221221120,-7.0,5.385164807134504
14,1222222122100221111221,-8.0,5.830951894845301
15,2002002002002001002002,-7.0,5.385164807134504
16,1002001100222002002001,-9.0,5.0990195135927845
17,1220220220221120222222,-8.0,5.830951894845301
17,2200220220121120222222,-7.0,5.385164807134504
18,0220012002000021002001,-7.0,5.0990195135927845
19,0220221111001101220221,-6.0,5.385164807134504
19,0220222222110220220221,-9.0,7.0710678118654755
20,1220220221221220222221,-9.0,5.385164807134504
20,0001001011220220022110,-5.0,5.0990195135927845
21,2102001002002001102001,-8.0,5.830951894845301
21,2200200022200100211000,-5.0,5.0990195135927845
22,1002002010220220211220,-8.0,5.830951894845301
22,2000012122220220211220,-6.0,5.385164807134504
23,2002000222001002002001,-7.0,5.656854249492381
23,2002001122101002002001,-6.0,5.385164807134504
23,0000110020001002002001,-3.0,5.0990195135927845
24,1000221002001002001011,-7.0,5.385164807134504
24,2000100112222222122222,-3.0,5.0990195135927845
25,2101000002001002002000,-8.0,5.385164807134504
26,1002000000110222211221,-6.0,5.385164807134504
26,1002000100120010120221,-7.0,5.656854249492381
27,1002002220200002002001,-7.0,5.385164807134504
28,2002112002002002102001,-9.0,7.0710678118654755
29,2000022002002001202001,-8.0,5.830951894845301
30,1221121220222222221222,-6.0,5.385164807134504
30,1221121220220220121221,-7.0,5.656854249492381
1,2002010000221010000000,-4.0,5.385164807134504
1,2002011000221011001010,-6.0,5.830951894845301
2,1001101221201100011000,-7.0,5.830951894845301
2,1002122221201100011001,-5.0,5.656854249492381
3,1221200011000222002000,-7.0,5.830951894845301
3,2002101100110022101000,-5.0,5.0990195135927845
4,2002002220100121002002,-6.0,5.385164807134504
4,1001101220010112002000,-8.0,5.830951894845301
5,1222221021220022112220,-7.0,5.830951894845301
5,0222222021220022102220,-5.0,5.385164807134504
6,1222221210212220220221,-9.0,5.830951894845301
7,1222220200221202222222,-7.0,5.385164807134504
8,0222020021000221000112,-4.0,5.0990195135927845
8,1222220021000221002001,-7.0,7.211102550927978
9,2002002220110001002000,-7.0,6.4031242374328485
10,0221001222000021001200,-5.0,5.385164807134504
10,1000001222000021001200,-6.0,5.830951894845301
11,1001220220122002212221,-7.0,5.0990195135927845
12,1000002002001020222221,-8.0,5.830951894845301
13,2002001200022220221121,-7.0,5.830951894845301
14,1221000002002001222221,-6.0,5.385164807134504
15,2002001221002000021000,-7.0,5.385164807134504
16,0222222222122221221001,-7.0,5.385164807134504
17,1210001012001001002020,-6.0,5.385164807134504
18,1001101220000102002002,-8.0,5.830951894845301
18,2002102002001222002121,-6.0,5.385164807134504
19,2021000202002000121001,-7.0,5.385164807134504
20,1010012202000102002000,-9.0,5.385164807134504
21,0100122000021000011000,-6.0,5.656854249492381
22,2002002001122020222222,-5.0,5.0990195135927845
22,1000002002002020222221,-8.0,5.830951894845301
23,1001002002102002001000,-7.0,5.385164807134504
24,0001000000220220222222,-5.0,5.0990195135927845
24,1220220200221120222222,-8.0,5.830951894845301
25,1100102002000001222222,-7.0,5.385164807134504
26,1001222220222201221112,-5.0,5.385164807134504
27,0011221002002012001012,-4.0,5.0990195135927845
27,1001221002002012001011,-7.0,5.385164807134504
28,1220220120222121122221,-7.0,5.830951894845301
29,0001000010222220222222,-5.0,5.0990195135927845
29,1001000010210220222221,-8.0,6.708203932499369
29,0001000010222220221222,-6.0,5.656854249492381
30,1002000212112001012001,-6.0,5.385164807134504
30,1002000212112102002000,-7.0,5.830951894845301
1,1002002100122002002011,-9.0,5.0990195135927845
2,1002002100222002002000,-9.0,5.0990195135927845
3,2211002002000101200002,-3.0,5.0990195135927845
4,2202002001121002002002,-6.0,5.0990195135927845
4,2002002001220002002001,-8.0,5.830951894845301
5,2002001221002002100110,-7.0,5.0990195135927845
5,0220222221120221211000,-8.0,6.708203932499369
6,1220222120220210220222,-9.0,5.385164807134504
7,0222222221120221200221,-8.0,6.4031242374328485
8,1221002001002000200210,-5.0,5.0990195135927845
9,1000220222201221222222,-7.0,5.385164807134504
10,0221200120221212222222,-7.0,5.830951894845301
10,1221202000000001102001,-6.0,5.385164807134504
11,1002001100222002002000,-9.0,5.0990195135927845
12,0001221120120010110012,-1.0,5.0990195135927845
12,1222221112200222220222,-8.0,5.830951894845301
13,1122001012001220000010,-5.0,5.385164807134504
13,1100110012002002110001,-7.0,5.830951894845301
14,1220220011000220101221,-6.0,5.385164807134504
15,1002001012002001221000,-7.0,5.385164807134504
16,2002002002220112002000,-8.0,5.830951894845301
17,1221202001100122002000,-7.0,5.0990195135927845
18,2002200200122201100021,-5.0,5.0990195135927845
18,1221122220120220221112,-7.0,5.385164807134504
19,1002001011022000002001,-8.0,6.324555320336759
19,2002001022101000002001,-6.0,5.385164807134504
20,1220220221222210222221,-9.0,5.385164807134504
21,2002101100120122111000,-5.0,5.0990195135927845
21,1002112002002000011000,-8.0,7.280109889280518
22,1221010000001002002001,-4.0,5.0990195135927845
22,2002002001012002002001,-9.0,7.0710678118654755
22,2110002000001012002001,-7.0,5.385164807134504
23,1001101020021011002000,-4.0,5.0990195135927845
24,1220222222212120221122,-8.0,6.324555320336759
24,2200220222121122110002,-5.0,5.0990195135927845
25,1002000000220220211221,-8.0,5.830951894845301
26,1221220222221200220221,-7.0,5.385164807134504
26,0221210222221212002001,-8.0,6.082762530298219
27,0222212222210222220222,-8.0,6.324555320336759
27,1010021222212222211220,-7.0,5.385164807134504
28,1000000011220222122221,-7.0,5.385164807134504
29,0220220221120221001220,-8.0,6.708203932499369
30,0012000221200000201001,-6.0,5.656854249492381
1,20221200200210012210000,-5.0,5.385164807134504
1,12002200102110012200010,-8.0,5.656854249492381
2,02002110002221000110002,-7.0,5.830951894845301
2,20220012210212222022220,-6.0,5.385164807134504
3,22102220000210101200100,-5.0,5.656854249492381
4,20221200001002211110000,-7.0,5.830951894845301
5,12002220002110012200002,-8.0,5.656854249492381
5,20002002000010000000001,-3.0,5.385164807134504
6,22202221002110000210010,-7.0,5.656854249492381
7,22202200002220002220000,-8.0,5.656854249492381
7,11002210002100002220101,-6.0,5.385164807134504
8,22202220102200102200101,-8.0,5.656854249492381
9,11221110000002211110000,-7.0,5.656854249492381
9,22202110002110012220000,-8.0,5.830951894845301
10,20221210000021221022120,-5.0,5.385164807134504
11,20221200000012211110011,-7.0,5.830951894845301
11,20010021222012211110011,-6.0,5.656854249492381
12,02000012121121002220101,-5.0,5.385164807134504
12,22002200002200002200111,-8.0,5.656854249492381
13,20221200001012211110011,-7.0,5.830951894845301
13,00222212211110012101001,-6.0,5.385164807134504
14,02001022121110000012211,-7.0,5.830951894845301
15,22202220002200002220001,-8.0,5.656854249492381
15,11002210002100002220100,-6.0,5.385164807134504
16,22201121220212212220000,-5.0,5.385164807134504
17,22001121222002211200001,-5.0,5.385164807134504
18,02002200101021222012210,-6.0,5.830951894845301
19,01001210002220101101222,-6.0,5.385164807134504
19,20221200000002211110011,-7.0,5.830951894845301
20,02002201000220100122220,-5.0,5.385164807134504
20,22002220102200102200102,-8.0,5.656854249492381
21,22102101000210012110012,-7.0,6.324555320336759
21,20002101001210001012122,-5.0,5.385164807134504
22,22002220002220002220001,-8.0,5.656854249492381
23,22200121221012212200000,-5.0,5.385164807134504
24,02000011220022121100101,-5.0,5.385164807134504
24,21002200102210000110000,-7.0,5.656854249492381
25,22201020000111002200100,-2.0,5.385164807134504
26,00222212200112212121220,-6.0,5.385164807134504
26,11221110001112211110011,-7.0,5.656854249492381
27,22001121221202212220000,-5.0,5.385164807134504
28,20221220002200002200000,-7.0,5.830951894845301
28,20221221000110002210000,-6.0,5.656854249492381
29,00012122111200100121222,-5.0,5.385164807134504
29,22202221001110000210010,-7.0,5.656854249492381
30,22202220002200102220101,-8.0,5.656854249492381
1,02000022121101002220202,-5.0,5.385164807134504
1,22002220002200102220101,-8.0,5.656854249492381
2,22002200102220102200000,-8.0,5.656854249492381
3,11221110010002211120200,-6.0,5.385164807134504
4,00220121221111000121220,-5.0,5.385164807134504
4,22002200102220102200000,-8.0,5.656854249492381
5,22002200102200102200000,-8.0,5.656854249492381
5,00221100102200100102211,-5.0,5.385164807134504
6,12002200002110002200001,-8.0,5.656854249492381
6,00221101000210002200101,-5.0,5.385164807134504
7,01001210002200101121220,-6.0,5.385164807134504
7,22002220002200102200101,-8.0,5.656854249492381
8,22002101000000221101000,-5.0,5.385164807134504
9,01002210012220100121221,-6.0,5.385164807134504
9,10220121210121222012211,-7.0,5.656854249492381
10,11000012211110002100201,-6.0,5.385164807134504
10,22202200002200102220000,-8.0,5.656854249492381
11,12202200001210002101001,-6.0,5.385164807134504
11,22202200102220002200000,-8.0,5.656854249492381
12,12002020012200101210001,-7.0,5.656854249492381
12,22001022120121222121221,-5.0,5.385164807134504
13,22002201002110000210000,-7.0,5.656854249492381
13,02002201002200102012122,-5.0,5.385164807134504
14,22200122111220100112211,-5.0,5.385164807134504
15,01000210012220000021221,-6.0,5.385164807134504
15,22202200102220002200001,-8.0,5.656854249492381
16,22202220102200102200001,-8.0,5.656854249492381
17,11221110000102202221001,-4.0,5.385164807134504
18,12002020012200000210011,-7.0,5.656854249492381
18,02002221001200000122220,-5.0,5.385164807134504
19,12202200000210002101001,-6.0,5.385164807134504
19,22202200002220102200001,-8.0,5.656854249492381
20,22002220102200102220001,-8.0,5.656854249492381
21,22001000002002001200101,-2.0,5.385164807134504
22,22202200002200002200101,-8.0,5.656854249492381
23,12202220001210012101001,-6.0,5.385164807134504
24,00221101002210002220102,-5.0,5.385164807134504
24,22002200002200002220002,-8.0,5.656854249492381
25,22202221000110000210010,-7.0,5.656854249492381
25,02002221002220001022220,-5.0,5.385164807134504
26,11221110000102211110000,-7.0,5.656854249492381
26,00221101002210012200000,-5.0,5.385164807134504
27,11000012211110001012211,-7.0,5.656854249492381
27,22201210002100001210001,-5.0,5.385164807134504
28,02000022022012211110000,-5.0,5.385164807134504
29,12202200001100122020220,-4.0,5.385164807134504
29,22202200002200002220000,-8.0,5.656854249492381
30,10222212211110012101001,-6.0,5.385164807134504
1,21220222212202222112202,-3.0,5.385164807134504
1,00221200002200002110002,-7.0,5.830951894845301
2,20220022122021221112210,-7.0,5.830951894845301
2,01002222222021221112210,-3.0,5.385164807134504
3,22002010010112210121222,-6.0,5.385164807134504
3,12000210012200102020002,-7.0,5.656854249492381
4,10020022120121220220100,-4.0,5.385164807134504
4,00221211001210002200100,-6.0,5.656854249492381
5,11000012211110000112211,-7.0,5.656854249492381
6,02001011222022221202202,-5.0,5.385164807134504
7,20220012212212220022222,-6.0,5.385164807134504
8,01200202000011222220100,-2.0,5.385164807134504
8,22102200101210002220100,-7.0,5.830951894845301
9,10022022110022121110011,-5.0,5.385164807134504
9,22002220002220002110011,-8.0,5.830951894845301
10,20220002212212210022221,-6.0,5.385164807134504
11,21222210002220001021220,-6.0,5.385164807134504
12,01220022120012211112212,-7.0,5.656854249492381
12,10220122112002222212222,-3.0,5.385164807134504
13,21221210002200101111221,-6.0,5.385164807134504
14,20222202221221121012211,-3.0,5.385164807134504
15,02002201000200000122221,-5.0,5.385164807134504
15,22102101001210012200001,-7.0,5.656854249492381
16,20221202002010001110000,-5.0,5.385164807134504
17,00221200102101002001002,-5.0,5.385164807134504
18,01220000102220100120010,-5.0,5.656854249492381
19,02002012002001000012212,-3.0,5.385164807134504
19,22001012212212221110000,-6.0,5.656854249492381
20,22000121221002212200101,-5.0,5.385164807134504
21,11000112211110000021222,-7.0,5.830951894845301
22,01222022122012211022121,-7.0,5.830951894845301
23,00220122220121221202221,-7.0,5.656854249492381
23,20221200020020011210001,-4.0,5.385164807134504
24,22200002022221221021222,-4.0,5.385164807134504
25,22201012210220221022021,-4.0,5.385164807134504
25,12002200002110012200010,-8.0,5.656854249492381
26,02202022012202200202000,-1.0,5.385164807134504
26,22002220102200102200001,-8.0,5.656854249492381
27,02002221000200001012120,-5.0,5.385164807134504
27,12002220000002210022121,-7.0,5.830951894845301
27,22002220002200000012122,-6.0,5.656854249492381
28,20220012211211201200100,-4.0,5.385164807134504
28,11000012212021221112211,-7.0,5.830951894845301
29,02002201002200100102222,-5.0,5.385164807134504
30,01002210002220101121221,-6.0,5.385164807134504
30,22202200002220102220000,-8.0,5.656854249492381
1,12002220002110002200000,-8.0,5.656854249492381
1,20222012210212210122022,-6.0,5.385164807134504
2,22002010012110002101000,-6.0,5.385164807134504
2,02000022121110002101000,-7.0,6.324555320336759
3,11220012212022121212210,-7.0,5.830951894845301
3,01000012212022121111000,-6.0,5.385164807134504
4,02002221002200001102222,-5.0,5.385164807134504
4,22202221002110012210000,-7.0,5.656854249492381
5,01002210002220001011222,-6.0,5.385164807134504
5,22202200102220102200100,-8.0,5.656854249492381
6,22202010020012211220010,-5.0,5.385164807134504
6,00220021221022122212212,-7.0,5.830951894845301
7,20020200102112211200000,-3.0,5.385164807134504
8,00220122220121220202200,-7.0,5.656854249492381
8,22000122022121221110010,-4.0,5.385164807134504
9,01001210002200100021220,-6.0,5.385164807134504
10,21221210002200000001222,-6.0,5.385164807134504
10,12002100202200001210020,-7.0,5.656854249492381
11,22000121220002211200102,-5.0,5.385164807134504
11,11002221000210012100100,-6.0,5.830951894845301
12,20221210000121220022222,-5.0,5.385164807134504
13,20221200100210000100000,-4.0,5.385164807134504
14,22202220002220002200012,-8.0,5.656854249492381
15,22002210001200000210010,-7.0,5.830951894845301
16,02002201002200101022022,-5.0,5.385164807134504
16,22202200002220102200012,-8.0,5.656854249492381
17,00221210012002002200001,-4.0,5.385164807134504
17,12002020002220000210011,-7.0,5.656854249492381
18,11221110010112211110010,-7.0,5.656854249492381
18,21000210012101000110001,-5.0,5.385164807134504
19,00221212002200001210011,-7.0,5.830951894845301
19,12202210000210012101000,-6.0,5.385164807134504
20,12202200000210002101001,-6.0,5.385164807134504
20,22002200002200002200100,-8.0,5.656854249492381
21,20221200000012211110000,-7.0,5.830951894845301
21,02210121220012210022120,-6.0,5.385164807134504
22,11221110001112210121221,-7.0,5.830951894845301
23,20221211000220000122121,-5.0,5.385164807134504
24,22002201002110001210002,-7.0,5.656854249492381
24,02000022121110001200100,-5.0,5.385164807134504
25,02000022121110000200000,-5.0,5.385164807134504
25,20221201000110000212010,-6.0,5.656854249492381
26,20221220000121220022121,-5.0,5.385164807134504
26,12002020012220101210010,-7.0,5.656854249492381
27,01001012212022120202211,-6.0,5.385164807134504
27,22002220002200002220001,-8.0,5.656854249492381
28,22202210001200102210011,-7.0,5.830951894845301
28,00221210001200100012211,-6.0,5.656854249492381
29,20221200000022222112120,-4.0,5.385164807134504
29,00221112210002121112210,-6.0,5.656854249492381
30,21220210012200001011221,-6.0,5.385164807134504
1,10012211220101102211100120000020010,-11.0,6.708203932499369
1,20012212210221122000100121000120020,-13.0,7.211102550927978
2,11122222011000002000020110201110002,-6.0,6.708203932499369
2,21220022100000112210100011001010012,-13.0,7.0710678118654755
3,10020022002000110010122102122202202,-8.0,6.708203932499369
3,01120022002000210010122102122002212,-13.0,7.211102550927978
4,10012200221022122021100021000020002,-13.0,7.0710678118654755
5,01211002220101102221100101001220020,-10.0,7.0710678118654755
5,11221020021010011221200201001020000,-9.0,6.708203932499369
6,12210001121221212212100221000120010,-13.0,7.280109889280518
7,21222022101001110022202022221122222,-11.0,7.211102550927978
7,21222021101001100221100101100220022,-13.0,7.615773105863909
8,01221011020020000011200120010101010,-11.0,7.211102550927978
9,01110012010010010200221210221122212,-11.0,7.0710678118654755
9,20120012101100100012220222221210012,-9.0,6.708203932499369
10,11220020210000011220100222000022012,-13.0,7.615773105863909
10,11011010010122022222022122002212102,-6.0,6.708203932499369
11,12212002112022022112000220220220010,-7.0,6.708203932499369
12,22020022010010111211100021000020001,-12.0,7.0710678118654755
13,12210000112121210222100120000122002,-13.0,7.211102550927978
13,00210000002121212222100120000122002,-10.0,7.0710678118654755
14,02002210212212122212100120100020001,-13.0,7.0710678118654755
15,10102221122222011001221212122222212,-12.0,8.602325267042627
15,11212220012201221201222211001010000,-6.0,6.708203932499369
16,01222012220001101212100000200020011,-13.0,6.708203932499369
17,12212010022120122120200020000100020,-12.0,7.280109889280518
17,02110000111221012122200020000000001,-9.0,7.0710678118654755
18,12002211112211122002122120221211002,-9.0,6.708203932499369
19,10120022001110100200022100221102210,-13.0,7.0710678118654755
20,21202211110001022222210010100010020,-10.0,6.708203932499369
20,01002220112211112201100120100120021,-13.0,7.0710678118654755
21,00220012220000002211222010000020000,-11.0,7.0710678118654755
22,21222122001001100122022102221202222,-10.0,6.708203932499369
22,21222022002001100122022101221202212,-12.0,7.211102550927978
23,00202200102002000220212000020101100,-6.0,6.708203932499369
23,22002201121212110000122122122212122,-12.0,7.0710678118654755
24,12212011211202212221100112222122211,-9.0,6.708203932499369
24,21221021002100011221100120010020022,-13.0,7.211102550927978
25,12210002220200200021200110000120011,-9.0,6.708203932499369
25,11220021100200101222100020000120012,-13.0,8.06225774829855
26,10222121112222212201101212022111020,-6.0,6.708203932499369
26,02211100210011022201100121000020000,-10.0,7.0710678118654755
27,10220001110201001200122102122102212,-10.0,7.0710678118654755
28,11012210022121102211001020010202202,-9.0,6.708203932499369
28,22202221022121222011000120010222012,-12.0,7.0710678118654755
29,02202211220020100201122120221122221,-12.0,7.211102550927978
29,22212211220020100201122120221122210,-13.0,7.810249675906654
30,11202222122201100222010222000110200,-6.0,6.708203932499369
30,00020022110011000122022121221102220,-13.0,7.280109889280518
1,22012220222221100002122100221102202,-11.0,6.708203932499369
1,02210002012000100001122100221122201,-13.0,7.211102550927978
2,10012200122222121001022212122022222,-13.0,7.280109889280518
2,00012200121222121002200111001100122,-12.0,7.0710678118654755
2,22012200121222121002200100222000112,-8.0,6.708203932499369
3,22202220212222022211001022010222010,-12.0,7.0710678118654755
4,01222022010000100221100111100220001,-13.0,8.06225774829855
4,11222200201000100221100111100220001,-11.0,7.211102550927978
5,12102200220212210222100211001220022,-13.0,7.211102550927978
6,01221002101002201221100020020020021,-12.0,6.4031242374328485
7,21220020200200011220100220000022000,-13.0,6.708203932499369
8,22012211122010220020100000200112202,-8.0,6.708203932499369
8,12012200122022012202220021001110012,-13.0,7.0710678118654755
9,12102201202222122121100120100222012,-13.0,7.0710678118654755
10,01202221121112211120221210220200010,-9.0,6.708203932499369
10,22110001121112211120221211000200020,-10.0,7.0710678118654755
11,21220022020010000012122120221222210,-13.0,7.0710678118654755
11,02211122100000000000122121221102222,-11.0,6.708203932499369
12,22110002210011100010122122120202210,-10.0,6.708203932499369
12,01002201202222210010122101221102220,-12.0,7.280109889280518
13,22002210121222122022100021001102212,-12.0,6.708203932499369
14,00210001211221012102011010220010022,-4.0,6.708203932499369
14,10210001110221210220100222000220002,-10.0,7.0710678118654755
15,12102201121221002210100020100020012,-13.0,7.0710678118654755
16,21222012200000102212100110200220000,-13.0,6.708203932499369
17,22212220022222021220100212221112200,-9.0,6.708203932499369
17,01210022010020021222100020000100000,-13.0,7.211102550927978
18,20002210120221222221100120010020022,-13.0,7.0710678118654755
19,21222020111001021222100222000102202,-12.0,6.708203932499369
20,21220022020010201102122101221122210,-13.0,7.0710678118654755
21,21220022100100002212100201001110002,-13.0,7.0710678118654755
21,01210012101001012210100120012010002,-9.0,6.708203932499369
22,12210022100200010021100110000020020,-10.0,6.708203932499369
22,21220022100000001221120020000120002,-13.0,7.211102550927978
23,00221100212222112112200211001020011,-11.0,7.280109889280518
23,21012211212212112111200011000220011,-9.0,7.0710678118654755
24,00220022220010001102122020221202210,-13.0,7.280109889280518
25,00210010101100200022100020000020020,-9.0,6.4031242374328485
25,12210010120221220222100020000220020,-13.0,7.0710678118654755
26,10120021100210100022022200221102211,-13.0,7.211102550927978
26,21220021100210100022022010000020010,-11.0,7.0710678118654755
27,21220022101000001112122201221002211,-13.0,7.0710678118654755
27,00222002101000001112122201221200110,-10.0,6.708203932499369
28,01112211110000022120100120100020020,-11.0,6.708203932499369
29,01210012200200012210100120000012220,-10.0,6.708203932499369
29,20002210121220012210100121000020010,-13.0,7.211102550927978
30,00220012101000100212100120100020012,-13.0,7.211102550927978
30,20220002101000100212100120000112212,-12.0,7.0710678118654755
1,12210002200000122100200010001202211,-9.0,6.708203932499369
2,22120012210000000002222121221102212,-13.0,7.211102550927978
2,20120012200010102000202201221020212,-10.0,7.0710678118654755
3,12212011212201022022210000010002002,-7.0,6.708203932499369
3,21220022010010101221000111000120000,-13.0,8.94427190999916
3,00000022112201022222210000000110021,-9.0,7.0710678118654755
4,01002210121222022120221201001010001,-12.0,7.0710678118654755
5,21221022100110022202001102100120020,-10.0,7.0710678118654755
5,11010022001000022202001002100120022,-7.0,6.4031242374328485
6,01000201211221202220000121121112010,-11.0,6.708203932499369
7,11020022010200022200100110101202212,-9.0,6.708203932499369
7,21020021101000200021122211200010000,-11.0,7.280109889280518
8,21220122101000100122022122201211000,-8.0,6.708203932499369
8,21220122100000100102221200001210010,-10.0,7.211102550927978
9,22121020021001112001022101221112201,-11.0,7.0710678118654755
9,01102020021001110012122211221112222,-7.0,6.708203932499369
10,20202212021020100221200111000122200,-9.0,6.708203932499369
10,20202212021000100221200111001220100,-10.0,7.810249675906654
11,00210000210221122000112000000120012,-10.0,7.615773105863909
11,11112122110000122220221120220212222,-4.0,6.708203932499369
11,00210000210221122000111000000020022,-9.0,7.280109889280518
12,11220021101000001221100020000020000,-13.0,7.280109889280518
12,21220011101000001221000020000020000,-10.0,6.708203932499369
13,10210010021122101222100022010200112,-11.0,7.0710678118654755
13,01200220020012210002101020002202012,-4.0,6.708203932499369
14,20112201022022202222021202221112102,-7.0,6.708203932499369
14,01002212121001001102122001221212110,-11.0,7.0710678118654755
15,22120022202001112002212101221101200,-11.0,6.708203932499369
16,11000012222211100012100120001220022,-5.0,6.4031242374328485
16,21220022011001000002122120221102212,-13.0,7.211102550927978
17,21011110120010022002022101100022001,-7.0,7.0710678118654755
17,12210001201221021220022120100022001,-11.0,7.615773105863909
18,01002200122222120222222100011002211,-11.0,7.211102550927978
19,00210010112112122201012211100110100,-7.0,6.708203932499369
19,21011012012001100102022100221110001,-10.0,7.0710678118654755
20,12210002210011200000212200000022010,-9.0,6.708203932499369
20,10210002210011200001022002212111212,-11.0,7.0710678118654755
21,10111012002000000120120100111020001,-10.0,7.211102550927978
21,02102000102010000100212100100020001,-6.0,6.708203932499369
22,22110110201100000000212220010010001,-7.0,6.708203932499369
22,12102201122012122221122220100022002,-13.0,7.0710678118654755
23,01200001211222201221100011001010010,-11.0,8.06225774829855
24,00222012011010200212022022122212000,-11.0,7.615773105863909
24,10222012001010000222022022122212000,-6.0,6.4031242374328485
25,10012200112121210221120000100122000,-11.0,7.615773105863909
25,01002222212122121221120000100122000,-9.0,6.708203932499369
26,01012210022121222202220020010122000,-12.0,8.602325267042627
26,21012212022222222202220020010022021,-11.0,7.211102550927978
27,10220022201110000112122001011020011,-11.0,7.211102550927978
27,00220012011000000122112001011020011,-10.0,7.0710678118654755
28,00222022100200010001112221221022100,-11.0,7.211102550927978
29,00002200201102002001022001221122212,-7.0,6.4031242374328485
29,12210022001200001001022101221122222,-13.0,7.0710678118654755
30,00222012220011000021100021000000221,-10.0,7.0710678118654755
1,21220012101000002212120011001020021,-13.0,7.0710678118654755
1,00220012101000102211220000010020001,-11.0,6.708203932499369
2,01221201021220100221122102211002000,-7.0,6.708203932499369
2,11102211021220122221100021001000200,-12.0,7.280109889280518
3,01222022002000012210100120000010020,-13.0,7.280109889280518
3,01210012200200012212100121000000210,-11.0,7.0710678118654755
4,21220022202000112122012010100200012,-10.0,6.708203932499369
5,00122100022222221110100021001020001,-10.0,6.4031242374328485
6,10222012002100011002022202212102100,-11.0,6.708203932499369
7,10220002200100102101022102212102100,-13.0,7.615773105863909
8,12212002212012001122100120010022000,-9.0,6.708203932499369
8,21112212211010001222100211001111202,-10.0,7.0710678118654755
9,12210000012000112211120120010020021,-9.0,6.4031242374328485
9,02210111200000112211120121000120002,-13.0,7.810249675906654
10,12212022202000021222000120000020001,-11.0,6.708203932499369
11,00220011200020010002122100221012222,-12.0,7.615773105863909
12,02212100022001000012122000221102212,-10.0,6.708203932499369
13,00002201112211222211001022000102202,-12.0,7.280109889280518
13,22110012211211122012010022000020012,-9.0,6.708203932499369
14,22002220221202212220100120000222012,-13.0,7.810249675906654
14,22002220221202212220210121000122001,-11.0,7.0710678118654755
15,22202200022112012212100010100000002,-11.0,7.0710678118654755
16,20012212121222222002100121000112210,-12.0,7.280109889280518
16,20012212121222222001222000000112212,-10.0,7.211102550927978
17,01112211101001122000100020000020020,-12.0,7.211102550927978
17,01112211110001122000100121001001022,-10.0,7.0710678118654755
18,01210022210020011220100122000000000,-13.0,7.211102550927978
18,10110012101001022120100120010112210,-9.0,6.708203932499369
19,22121222222112222122122000221102212,-9.0,6.4031242374328485
19,00220022202001210000122000221102202,-13.0,7.211102550927978
19,10000010022112222122122000221102212,-10.0,6.708203932499369
20,11002121200000022200100221000110220,-10.0,6.708203932499369
20,21221020120000001221100220000122010,-13.0,7.0710678118654755
21,00010000100110121221100100000020220,-9.0,6.708203932499369
22,21221021011001210221200020010020022,-13.0,7.211102550927978
22,10210000000221210221200020100220010,-11.0,6.708203932499369
23,12012211211002002002122222211220120,-9.0,6.708203932499369
23,02210002110011210002122222211112220,-12.0,7.211102550927978
24,01222022010000001221100021000110001,-13.0,8.06225774829855
24,22010020012210220200200021000220002,-9.0,6.708203932499369
24,21222022110000220000200021000112212,-11.0,7.211102550927978
25,02210002101100102000002211220012220,-10.0,6.708203932499369
25,21220022100100102212100211000010012,-13.0,7.0710678118654755
26,02210022000100210222000011010000000,-8.0,6.708203932499369
26,12120022000100210022222001010000001,-11.0,7.211102550927978
27,01110010001212120200222000200211000,-8.0,6.708203932499369
27,01110010010221122122100100200111002,-10.0,7.0710678118654755
28,20011222022022110210022121221222210,-12.0,7.280109889280518
28,00112212010000100000122122221222211,-10.0,6.4031242374328485
29,01120022200100112222100120100010000,-12.0,7.211102550927978
29,01002222112122200122100120000210022,-10.0,7.0710678118654755
30,00010012121022122201000012000000010,-7.0,6.708203932499369
30,22110010002212102201100102200021011,-11.0,7.0710678118654755
1,1200220012002011022121222200000010002000100100,-19.0,7.810249675906654
2,1022212200121222022022122110001200022002000120,-19.0,8.06225774829855
3,2022122111011001112210000102221202220222220122,-19.0,7.810249675906654
4,0100002200201101002120102211102210010002000000,-9.0,7.615773105863909
5,0100002200201101002120102211102210010002000000,-9.0,7.615773105863909
6,2100102221202212010220000212222002211121100100,-16.0,7.615773105863909
6,1022002221202212020221111101001021022000100100,-21.0,8.48528137423857
7,0200002220222221102001010221222212220222212221,-15.0,7.615773105863909
8,1200220021010001121220212002001020021011001012,-21.0,8.06225774829855
9,2200220022000000021222022010010020002002002002,-21.0,8.06225774829855
9,0022120022200000121222022210010020002002002002,-20.0,7.810249675906654
10,1201020022100100211221221120200020011001000002,-20.0,7.615773105863909
11,0022002220221122102200222100000222011102001000,-22.0,7.810249675906654
12,0200222021020010222122111100200020022002000112,-23.0,8.06225774829855
12,1000222011110010011122110221000020002002100102,-18.0,7.810249675906654
13,2200101221212212220010010102222102200220222100,-18.0,7.810249675906654
13,0200001221112212220010010002222102210222221222,-21.0,8.94427190999916
14,0110222022000100101000010222221121210220220210,-21.0,8.602325267042627
14,1222222022000100101000210222221121210220220220,-20.0,8.06225774829855
15,2022122022220000100122111200000120022002000112,-19.0,8.246211251235321
15,1022012110222222222100120022100100101212000100,-16.0,7.810249675906654
16,0200220022000100221022120110000020021002000000,-21.0,8.94427190999916
17,2012012220022111222022022110010220021002100020,-21.0,8.06225774829855
17,1122120200022220122121221222000010022002010022,-16.0,7.810249675906654
18,2220220012010000010122112110010210012000000001,-15.0,7.810249675906654
18,0200220022202000002122002200000210011002100000,-20.0,8.06225774829855
19,0110222022000100101000010222221121210220220210,-21.0,8.602325267042627
19,1222222022000100101000210222221121210220220220,-20.0,8.06225774829855
20,2022122022220000100122111200000120022002000112,-19.0,8.246211251235321
20,1022012110222222222100120022100100101212000100,-16.0,7.810249675906654
21,0200220022000100221022120110000020021002000000,-21.0,8.94427190999916
22,2012012220022111222022022110010220021002100020,-21.0,8.06225774829855
22,1122120200022220122121221222000010022002010022,-16.0,7.810249675906654
23,0200002220222221102001010221222212220222212221,-15.0,7.615773105863909
24,2220220012010000010122112110010210012000000001,-15.0,7.810249675906654
24,0200220022202000002122002200000210011002100000,-20.0,8.06225774829855
25,2022122111011001112210000102221202220222220122,-19.0,7.810249675906654
26,2022122111011001112210000102221202220222220122,-19.0,7.810249675906654
27,0200220120020010220022121121000120002110121001,-18.0,8.06225774829855
28,2100102221202212010220000212222002211121100100,-16.0,7.615773105863909
28,1022002221202212020221111101001021022000100100,-21.0,8.48528137423857
29,0121222000020011012122022221001020020002001102,-15.0,7.810249675906654
30,2210021110110110002010000022220202220222220110,-16.0,8.06225774829855
1,0200102200221211212122111100200120012002001100,-20.0,7.810249675906654
2,0201110011201022122220222020000220002002100012,-18.0,7.810249675906654
2,1022202221202212102220222020000222001102000112,-22.0,8.246211251235321
3,1022212110221200221210110110002210011220002122,-16.0,7.810249675906654
3,1022212110221200221210022110002210012102002001,-18.0,8.06225774829855
4,1200120021100000112222221100000220002002000100,-19.0,8.06225774829855
4,2200120021110000112222221100100220002002001100,-21.0,8.602325267042627
5,2200212210100100022012210100000110002002001000,-19.0,7.810249675906654
5,0200220022100100022012210100000110012002001000,-21.0,8.602325267042627
6,1200210011102021221220221110110010011011001002,-17.0,7.810249675906654
6,0200220021100011210221211110012110022002000022,-21.0,8.06225774829855
7,2200210022100200100221121200111020022202001122,-21.0,7.810249675906654
7,0200220022100200100221120010200120022202000121,-22.0,8.54400374531753
8,1022012220212212100122101200000120021011011000,-21.0,8.06225774829855
8,0122010002100210022001221100200220022000000100,-17.0,7.810249675906654
9,2220210022100001100022121121222011120222221012,-20.0,8.246211251235321
9,2220210022100001002212202202202021110221221122,-19.0,8.06225774829855
10,2210120022001001100122101110010122002000100000,-20.0,8.48528137423857
11,0022002022102122211222122002001210022002000001,-19.0,7.810249675906654
11,1022002200221122211222102002001210022002000001,-22.0,8.06225774829855
12,1210210021200100122012211000100020022002000000,-21.0,8.602325267042627
12,2202210000200200122012211100000020022002000000,-20.0,7.810249675906654
13,0022102201121122220122021110000222001102001102,-19.0,8.06225774829855
13,0022002200212202112122101110000000002002001112,-22.0,9.486832980505138
14,2200120021012000100200000021122002200220221221,-21.0,7.810249675906654
15,2200210022210002001212211220100210022202000112,-22.0,8.06225774829855
15,0022022002202112022122211221100200001002000000,-12.0,7.615773105863909
16,0022212200212201221120221200100221202002011100,-16.0,7.810249675906654
16,1100112200212201221120221200100110012002001020,-19.0,8.06225774829855
17,0200220002110000112212221100000200012002000100,-21.0,8.06225774829855
17,2200010012110010112212220100000200012202000122,-17.0,7.615773105863909
18,2022120122200010011122012120000110002002000202,-19.0,8.06225774829855
18,0200220122200010011122012120000010002002001020,-20.0,8.246211251235321
19,2200201111020010000120020212222102200222222010,-20.0,8.54400374531753
19,2200201102020010000120020212222102200222222220,-19.0,8.06225774829855
20,2220222200120100122012201202202102200220221120,-20.0,7.810249675906654
21,2200222022001011021222222210000020022002001220,-21.0,8.06225774829855
22,1022012211110002101000101022121102212221222110,-18.0,7.810249675906654
22,2221120022001010001220001022121102220220221222,-21.0,8.94427190999916
23,1022212200202212121120221110001110002002000100,-17.0,7.810249675906654
23,0200220022202001112122002202101120002002000200,-21.0,8.06225774829855
24,1022202200221122222202222020020120022002000020,-23.0,8.06225774829855
25,2200222012020001022222111202000100121002000022,-20.0,8.06225774829855
25,1200222012020001022222111202000111002221000102,-18.0,7.810249675906654
26,2022002201122111012210100200200220021002100002,-21.0,8.602325267042627
27,0200222022002001002212222210000020022202000112,-22.0,8.54400374531753
27,0200222022002001001212201110000020020002002002,-19.0,7.615773105863909
28,0022120022001000021221222110000120022202001102,-20.0,7.810249675906654
28,2220222022000000021221222110000020022202001002,-21.0,8.06225774829855
29,1022002222102211122122122221000222012002100002,-20.0,7.810249675906654
30,1200210011121121221221022100000021012002000102,-20.0,8.06225774829855
1,0100021021011011000012221002121122200220221022,-19.0,9.219544457292887
2,0200221111010020002001012212212012220211212222,-18.0,8.246211251235321
2,1002122111010020002001012212212012220220112222,-14.0,7.810249675906654
3,0022202210112212220220220100111020022002002210,-20.0,8.06225774829855
4,0022102200222221112221000110221122212222122211,-18.0,7.810249675906654
5,0110012210122012122101121100200220021000010010,-15.0,7.810249675906654
5,2100012111122012212111121100200220022202001010,-20.0,8.602325267042627
6,2200210111011010002210221100200220021002001022,-16.0,7.810249675906654
6,0200220111011000002210221100200220021002221022,-20.0,8.06225774829855
7,1022211202112212212220222010101220011102002022,-20.0,8.54400374531753
8,1022022100012212121221121111000021010012001010,-16.0,7.810249675906654
9,2122101010200002022121000200100220011000222000,-10.0,7.810249675906654
10,0012112110122112110010100121220012221211122022,-20.0,8.246211251235321
11,2200120021020000112211222100200201102002010110,-19.0,8.06225774829855
12,0100021021011011000012221002121122200220221022,-19.0,9.219544457292887
13,2210120022202000000020010222221012212120222210,-21.0,8.06225774829855
14,0022211210212222101111011102011002100222111200,-16.0,7.810249675906654
14,2022201210212202100122111100200020012202000002,-20.0,8.246211251235321
15,1122112010202122020022202210000020012101100022,-18.0,7.810249675906654
16,2200210022202001000221112120100200111101001002,-16.0,7.810249675906654
17,2200210022202001000221112120100200111101001002,-16.0,7.810249675906654
18,1022012210120020001202202220211212012120212201,-13.0,7.810249675906654
18,0022121002220111000200111122222020210222220002,-19.0,8.06225774829855
19,0200112211100210000212200210011022022200002000,-15.0,7.810249675906654
20,0200112211100210000212200210011022022200002000,-15.0,7.810249675906654
21,2022022122011002102212112100110200012002001100,-19.0,8.246211251235321
22,2022022122011002102212112100110200012002001100,-19.0,8.246211251235321
23,1022012210120020001202202220211212012120212201,-13.0,7.810249675906654
23,0022121002220111000200111122222020210222220002,-19.0,8.06225774829855
24,1022012210120020001202202220211212012120212201,-13.0,7.810249675906654
24,0022121002220111000200111122222020210222220002,-19.0,8.06225774829855
25,0022012200212202122010220212221110022202000120,-19.0,8.54400374531753
26,1100002220021112211110000121222102200121220001,-18.0,8.54400374531753
27,2210200211010012000100200212222102200220222222,-19.0,8.94427190999916
28,2022002210122112220122101200001110121002002200,-19.0,8.246211251235321
28,1200110010221001100000100102212002122220212200,-14.0,7.810249675906654
29,1201110121001102202221221121101110012202000200,-18.0,8.48528137423857
29,0202200220210221002211221022100000122200000000,-11.0,7.615773105863909
29,2022010220210221002211221022100000122200000000,-12.0,7.810249675906654
30,1200220011120010110210012220022221120220221222,-19.0,8.246211251235321
1,2100221200202212111221112101001110002002000022,-19.0,7.810249675906654
1,1222012200202212111221112101001110002002001022,-20.0,8.06225774829855
2,1022002202112222002200220000200121100222001022,-16.0,7.810249675906654
3,1022121211100200102122012200100000011102000222,-19.0,8.48528137423857
4,0001221112001001121221222102000120002002001220,-18.0,7.810249675906654
4,0022112212001001121221222102000120002002001122,-20.0,8.48528137423857
5,0121102200221122022100001220121221200220221121,-20.0,7.810249675906654
6,2211220011100111022001000122112122212220222221,-17.0,7.810249675906654
6,2200220021100111022120000122112122212220222222,-18.0,8.06225774829855
7,2020202200220211122001221121022121212002000000,-13.0,7.615773105863909
7,0211202200220211122222010121022110021002000220,-15.0,7.810249675906654
8,1220220022200000020221221101001010002201010000,-20.0,7.810249675906654
9,2200210022210021000202112100110210022002101200,-20.0,8.06225774829855
10,0200220022000012012122222201002020021002001010,-20.0,8.06225774829855
11,1200200001112211002211222011001010022000000021,-16.0,7.810249675906654
11,0200210022100200012211222100200010022212000121,-21.0,8.54400374531753
12,2200220012200000000022201122222000222120222222,-21.0,8.06225774829855
13,1100222020120001002200012100200100021000000200,-14.0,7.810249675906654
13,0022122002011001002210122100100020022002000200,-19.0,8.06225774829855
14,0220020111011221001101001000011012220222222222,-9.0,7.615773105863909
14,2022202200122112001221002211221010220222222222,-17.0,7.810249675906654
15,1121220022001110000110022022222120122110221220,-14.0,7.615773105863909
15,0200220022100110002211121100010020002201101221,-20.0,8.54400374531753
15,2022120022100110002211121100010020002200001221,-19.0,8.06225774829855
16,0200210001100121122110120211202112122002222200,-17.0,7.810249675906654
16,1122110001012211212211202100200220022002000010,-20.0,8.06225774829855
17,1200022010110021220012211212000110012011000021,-18.0,8.48528137423857
17,0022122002001021220012211212000110012011000021,-17.0,7.810249675906654
18,2210220001111001002220110022121102200222221102,-21.0,8.48528137423857
18,2210220020022001002220110022121102200222221222,-19.0,8.06225774829855
19,0022110022100011022121110000110020012002000112,-19.0,7.810249675906654
20,0201120010112200220221101200101122020110202000,-14.0,7.615773105863909
20,0201120010112200220221101200101122021000002000,-17.0,8.06225774829855
21,2200220012020000211221121000200112210012000002,-19.0,7.810249675906654
21,1200220012020000211221112212100110022202000000,-21.0,8.48528137423857
22,1200210022100011122022222001100010022002101011,-21.0,7.810249675906654
23,1122110002222222101221121220000220010220110002,-15.0,7.810249675906654
23,0200210022110100101221121220000220012002000100,-21.0,10.0
24,1200220002010010122212202221002000022001100221,-20.0,7.810249675906654
24,2002200202010010122221111011000020022001100200,-16.0,7.615773105863909
25,2220220020110001002122000220200211012002001101,-20.0,7.810249675906654
26,2210111020100201222122202101002210010201000022,-15.0,7.810249675906654
26,2200220020100201222122202200000101022202002002,-18.0,8.48528137423857
27,2022122022202001021000122002121012212220122022,-21.0,7.810249675906654
28,0200001200121212021100022120200222021002100100,-20.0,9.433981132056603
28,0201000000220221120122022000200222021002100010,-19.0,7.810249675906654
29,0200222022002000002212221000000022022202000120,-22.0,8.54400374531753
29,0200222022002000112222221000100020022201112120,-21.0,7.810249675906654
30,0100202221022122221100221200001020022002010010,-20.0,8.602325267042627
30,2012111211022122221100021200100110022002010000,-15.0,7.810249675906654
1,001020100102210100102210002000210120021002111120,-18.0,8.246211251235321
2,001020100102210100102210002000210120021002111120,-18.0,8.246211251235321
3,002011001221021002101210002110001012121102010100,-19.0,8.246211251235321
4,000100200010010010000210010102210020022002010100,-19.0,8.602325267042627
5,221222122112001000100220000121012202200220212112,-20.0,9.433981132056603
6,001000200112222001020220002010000202122112020100,-18.0,8.246211251235321
6,102100000112212022000000010001001020002002020100,-13.0,7.615773105863909
7,001020100120020220220001222222202202202220212122,-18.0,8.94427190999916
8,001020100202211222121001220222002222212002110100,-19.0,8.602325267042627
9,000020012000000010222010220020100221010221202122,-15.0,8.06225774829855
10,002110110000110122110200002220200101022020001100,-11.0,7.810249675906654
11,010020200002212110001211000210002120000221202122,-16.0,8.246211251235321
12,001010200220020000200021221100001100122120020100,-16.0,8.06225774829855
13,012212100102212101220022221121221012010112202120,-13.0,7.810249675906654
13,221112122101011222022222012211112112122100110200,-16.0,8.06225774829855
14,001000012000021000000210001212002020022000020100,-18.0,8.06225774829855
14,100110200220002200011100210012210110112100000200,-14.0,7.810249675906654
15,002020100000222211000200121002000221122010000200,-17.0,8.246211251235321
16,001100100010001202211212211022012222222111010100,-18.0,8.602325267042627
17,011020000101211002200110002200220221222101000000,-14.0,8.06225774829855
18,000000200020020001212222010020120000010000220100,-16.0,8.06225774829855
19,002000101101110100000210002110111000102000020101,-17.0,8.246211251235321
20,221212212000000011001200202200020020000200000220,-15.0,7.810249675906654
21,221202122000010001200120022120000120022001020100,-17.0,8.246211251235321
21,100010200110110000100122020010100020022101020100,-16.0,8.06225774829855
22,001020200102200220122202222112202101022122010100,-18.0,8.06225774829855
23,221202122112002100012222210221222020000021222122,-20.0,8.06225774829855
24,001000200120020002211210000100200212201000000201,-17.0,8.06225774829855
25,221202122222210202002101000021211001111121202222,-18.0,8.246211251235321
26,000010200110020000100112210001020102122000020110,-20.0,8.06225774829855
27,001020100020001000000210001101220010022200020100,-19.0,8.246211251235321
27,211212221020000001000210000200201110001200010100,-15.0,8.06225774829855
28,001020001221100102011101200201000001210121000200,-15.0,8.246211251235321
28,220221022100221112211102200000010020022001000200,-12.0,8.06225774829855
29,001020100212200202002012020001010120122110020100,-17.0,8.246211251235321
30,000000200002202212001012100112210020020222212120,-18.0,8.246211251235321
1,000020100220011002200222002010000112202002010100,-18.0,8.06225774829855
1,001010200120020012100121221111012202212002010102,-20.0,8.94427190999916
2,001020100002210212202200000100112002212000020100,-20.0,8.602325267042627
2,001020100212200100012222201001011020022000021002,-17.0,7.810249675906654
3,001020100222001001001100102002220020010112202122,-18.0,8.06225774829855
4,000020100222021000000110000020002000022200020100,-18.0,8.06225774829855
4,000000200222021001012222210011002002212200020100,-16.0,7.810249675906654
5,001000001000200000001020012200201002122200010100,-18.0,8.246211251235321
6,001010200221010012101120010101012222212001000200,-17.0,8.246211251235321
6,001000200210010011101210000121000102212001000200,-19.0,8.54400374531753
7,001000200110010000001210002210012002122201020110,-20.0,8.06225774829855
8,001020100002221021100210012012212020012202010100,-20.0,8.602325267042627
9,001020100102220021222100001002001102212000020100,-18.0,8.06225774829855
9,002000200102220010022200000000011020022200020100,-12.0,7.810249675906654
10,221202122022200212202210000100001020000221222122,-18.0,8.246211251235321
10,221202122122200212202210000100001020000221211212,-17.0,7.810249675906654
11,001020000221100110100220011010000020022200000200,-15.0,7.810249675906654
11,001020100020011002101012212011101102212200020100,-20.0,9.219544457292887
12,221112122120001000000210012210000020022202010100,-18.0,8.06225774829855
12,000020100220001000000210012001210020022202010100,-21.0,9.486832980505138
13,000000200102202022121200220222002202222002010102,-18.0,8.246211251235321
13,000020100212220022100220001000001002200221202122,-20.0,8.94427190999916
14,001020100102222202100220020001121002200221202122,-20.0,8.06225774829855
15,001000200222020000201212000010210110100201222122,-19.0,8.602325267042627
15,001000200222020001122120002210000110100221122122,-17.0,8.06225774829855
16,000020100222001002000110000200002000010121202122,-18.0,8.06225774829855
16,000020100220011002000110100200002002200121202122,-19.0,8.54400374531753
17,221202200021221200221112022120010222022001020100,-14.0,7.810249675906654
17,221202122110011200221112022120010222022001020100,-20.0,8.602325267042627
18,000020100222002022120021220012122202201211010100,-17.0,8.246211251235321
18,000020100222010221021121220012102202222211010100,-18.0,8.602325267042627
19,221202122111200012210010012101001100022002010100,-20.0,8.06225774829855
20,001010200010000010001210110002011002022201020100,-20.0,8.06225774829855
21,221202122002221222200210002110000202222000010200,-20.0,8.246211251235321
22,001020100021010002202210012001200222000221202122,-17.0,8.246211251235321
22,001020100010212222020021222122200222000221202120,-19.0,8.602325267042627
23,000020100222001001000210001120100002212001020100,-20.0,9.219544457292887
23,000011101002001001100210002212002010012002210100,-15.0,8.06225774829855
24,221212022122020002100120100001212020022002010102,-20.0,9.219544457292887
24,221212022022020002100100002002010120022002010100,-17.0,8.246211251235321
25,001020100120021001101210002220200220022200020100,-19.0,8.246211251235321
25,001020100120020110201210002220200220022200020100,-17.0,8.06225774829855
26,221212120220011000000111220222120012200220212120,-16.0,8.06225774829855
27,221112122120001000000210012210000020022202010100,-18.0,8.06225774829855
27,000020100220001000000210012001210020022202010100,-21.0,9.486832980505138
28,221112122120001000000210012210000020022202010100,-18.0,8.06225774829855
28,000020100220001000000210012001210020022202010100,-21.0,9.486832980505138
29,001020100102222202100220020001121002200221202122,-20.0,8.06225774829855
30,221112122120001000000210012210000020022202010100,-18.0,8.06225774829855
30,000020100220001000000210012001210020022202010100,-21.0,9.486832980505138
1,001010002222212212120010002000110100000000110100,-18.0,9.899494936611665
1,101210112222212212120000001100100100000100101000,-17.0,8.602325267042627
2,221222122122221102002100101102200120000021222122,-19.0,8.94427190999916
2,011000000002220102210002101100022202201021122022,-15.0,8.06225774829855
3,001020010020210222202201122012222001001220212122,-17.0,8.94427190999916
4,002000200010000222112202200102212102221002020100,-18.0,8.94427190999916
5,001020100202221222200120110200002102010220122221,-17.0,8.06225774829855
6,002100101001000002001100020020200120002002020100,-17.0,8.06225774829855
7,001000022222202201121122121120010221021000200010,-9.0,7.810249675906654
8,212212121200122112012222221121221001010221202122,-16.0,8.06225774829855
8,001020100020012210012022112221221120010221202122,-20.0,9.219544457292887
9,222221121020010000111212210021221202112000020101,-13.0,8.06225774829855
10,222110100121200010001122000221002001122201010122,-15.0,7.810249675906654
11,222222022000020011210200100202002110012000122100,-16.0,9.219544457292887
12,211212202112210100222100211001012112211001211222,-10.0,8.06225774829855
13,001010101210000012220201021000201001022201000022,-14.0,7.810249675906654
14,100100002000000000110010100000000020000101120100,-11.0,7.810249675906654
14,000100002000000000110210110000000010122001020100,-19.0,9.433981132056603
15,002000200010000222112202200102212102221002020100,-18.0,8.94427190999916
16,002100101001000002001100020020200120002002020100,-17.0,8.06225774829855
17,220211221001200101000120100200222000112001021200,-17.0,8.602325267042627
18,002111211202122020112010020000002020022001001200,-14.0,7.810249675906654
19,221222211112221212000100001001201002001122122122,-18.0,7.810249675906654
20,001010002222212212120010002000110100000000110100,-18.0,9.899494936611665
20,101210112222212212120000001100100100000100101000,-17.0,8.602325267042627
21,001000022222202201121122121120010221021000200010,-9.0,7.810249675906654
22,002111211202122020112010020000002020022001001200,-14.0,7.810249675906654
23,000000200020020010101210010012012202222002010100,-20.0,10.770329614269007
24,001000022222202201121122121120010221021000200010,-9.0,7.810249675906654
25,221222211112221212000100001001201002001122122122,-18.0,7.810249675906654
26,100100002000000000110010100000000020000101120100,-11.0,7.810249675906654
26,000100002000000000110210110000000010122001020100,-19.0,9.433981132056603
27,010020100020000112200002002202002020022200002002,-14.0,8.06225774829855
28,002111211202122020112010020000002020022001001200,-14.0,7.810249675906654
29,220211221001200101000120100200222000112001021200,-17.0,8.602325267042627
30,212212022102221222100102010210000020221000000200,-16.0,8.06225774829855
1,220202122222022112012020021101111020022100200121,-17.0,8.06225774829855
1,220202122222022112012101200101111002122002010110,-19.0,8.602325267042627
2,220202122122220000222021221101221121222000020101,-19.0,8.246211251235321
3,001000200122020002210210002001221220022000021100,-20.0,8.602325267042627
3,001000200122020002210110001211011020010112102100,-17.0,8.06225774829855
4,000010002001010010101020022000210020020111201000,-19.0,8.54400374531753
5,122102122121022021120202212222120222210221202122,-18.0,8.06225774829855
6,221202122002211222211001220000210000010220222122,-18.0,8.06225774829855
6,221202122002221222210210000001210000010220222122,-19.0,8.246211251235321
7,000001101002012202000221200012212000100001001022,-13.0,7.810249675906654
7,000000200122020011212012212000222000100220202122,-19.0,8.602325267042627
8,000020100001010001101200002120110010122200020110,-19.0,9.219544457292887
8,000020100001010001101200002210010010000221202122,-18.0,8.06225774829855
9,001010200100200010101000212001210020000020020200,-20.0,9.486832980505138
9,001010200100200010101021000101200020000002020200,-19.0,8.602325267042627
10,000020011001110012120020012220202001011002210100,-14.0,8.06225774829855
10,000020100100010012120020012220202001011002210100,-16.0,8.246211251235321
11,010020000100200200100220002220011010021020020200,-16.0,8.06225774829855
12,001020200002200022121122100012111121120222211111,-16.0,8.06225774829855
12,001020100002202122200000200121021122120222212100,-17.0,8.54400374531753
13,000000200101001002212022111221002102212111100200,-14.0,7.810249675906654
13,000020100002202112110022111221012102212111100200,-16.0,8.06225774829855
14,001020100221200102200202002200200001202000010100,-17.0,7.810249675906654
14,001020100221200012210020001000200002022002010100,-20.0,8.602325267042627
15,221211100102202220212211200211122220210021202122,-17.0,7.810249675906654
16,010020001012222202100001012212011100101201212120,-16.0,8.06225774829855
17,221212022122021011110201110001001000022222212102,-20.0,9.433981132056603
17,221112022122021101110201110001002000122210021002,-16.0,8.06225774829855
18,000020100101122112012220000100210020020221020100,-19.0,8.54400374531753
18,000020100001122111021001220000210020020221020100,-18.0,8.246211251235321
19,001010200112202200001000012210001002011100010100,-14.0,7.810249675906654
19,001010200112202200001000012210001001001022212122,-16.0,8.246211251235321
20,000020100222011002100012211101200020022001020101,-21.0,9.486832980505138
20,000020100222011002100100000120020102022101020101,-18.0,8.06225774829855
21,000020100122022000022112201222022010020221202222,-17.0,8.06225774829855
22,221212222020022121121201102101101002122202010100,-20.0,8.602325267042627
23,221211000212210121221012022122111222200101020010,-13.0,7.810249675906654
23,000211200221211210001210000000200110012101020000,-19.0,8.246211251235321
24,000020100202212120201012210021000202212000020100,-19.0,8.06225774829855
25,000010200220000021100210200102211220100110010200,-14.0,7.810249675906654
25,000010200212210012202210000100011002022200010100,-19.0,9.219544457292887
26,010020000100110110100001101111020120001020210122,-17.0,8.06225774829855
27,221202122012021000100220011001111002212000020100,-20.0,9.219544457292887
27,221202122012021000100220011001102020012000020100,-19.0,8.602325267042627
27,000010010220200000100220011001102002212200020100,-16.0,8.06225774829855
28,212112202010021012001100200020000122021122112111,-14.0,7.810249675906654
28,002011000112220012001110001100122222022001020100,-18.0,10.0
28,002011000112220012202210001100000002200102112222,-16.0,8.06225774829855
29,221202220100100001000122001102000202022002010101,-16.0,8.06225774829855
30,001020100020020000012211202001220110100221122120,-15.0,7.810249675906654
30,001020100012210212212200011002010102200221222122,-18.0,8.246211251235321
1,0002210012210121212102222222010101212221200010020011222000,-31.0,8.602325267042627
1,1221001221120000121110012212011001012221002100010010221120,-33.0,9.219544457292887
2,1221022100002200011000121110100022021221212100010010122202,-28.0,8.94427190999916
2,0120221220221010002001221211011001211200011122111221222202,-31.0,9.055385138137417
3,2111010012202112122022111101101000000221222200011100222222,-33.0,9.219544457292887
3,1111010012202112122002111101101000000221222201000000022222,-32.0,8.94427190999916
3,0212000010202112122212111101102000002222202000002000200202,-28.0,8.602325267042627
4,1120020100011122022112122212001002001100201221122101221121,-32.0,9.219544457292887
4,0220020100011122222102102212011011010221210000000100221121,-31.0,8.94427190999916
5,1221000122002001022001000210122102211101202202211021222222,-29.0,8.94427190999916
5,2102211221112010010012202002001010011001121022121021222222,-34.0,9.899494936611665
6,2111010012202112122022111101101000000221222200011100222222,-33.0,9.219544457292887
6,1111010012202112122002111101101000000221222201000000022222,-32.0,8.94427190999916
6,0212000010202112122212111101102000002222202000002000200202,-28.0,8.602325267042627
7,0210012112211100211100110220210010021122212000000010220222,-31.0,8.602325267042627
8,1120020100011122022112122212001002001100201221122101221121,-32.0,9.219544457292887
8,0220020100011122222102102212011011010221210000000100221121,-31.0,8.94427190999916
9,2122002200222020000212221000020000000022011100100200002001,-33.0,8.94427190999916
9,0011212200222100000212221000100000000022211100101220000001,-35.0,9.848857801796104
10,1201001122111000200110012002212212211000122221211212102001,-25.0,8.94427190999916
10,2211001122111001200110012002212112211000020221211202102001,-33.0,9.219544457292887
11,0121000000111212202222000220122112222121011010000201001100,-35.0,9.219544457292887
11,1120220201220122122022002000111100011002211000010120221200,-30.0,8.602325267042627
12,0011221112202011010022100101212220220122121100100000221211,-32.0,8.602325267042627
13,0121000000111212202222000220122112222121011010000201001100,-35.0,9.219544457292887
13,1120220201220122122022002000111100011002211000010120221200,-30.0,8.602325267042627
14,0011220002221221021001212212000110010122102000020200200101,-28.0,8.602325267042627
14,2211000222221000120012211212000100010102210212202111200101,-34.0,9.219544457292887
15,1221000122002001022001000210122102211101202202211021222222,-29.0,8.94427190999916
15,2102211221112010010012202002001010011001121022121021222222,-34.0,9.899494936611665
16,2111010012202112122022111101101000000221222200011100222222,-33.0,9.219544457292887
16,1111010012202112122002111101101000000221222201000000022222,-32.0,8.94427190999916
16,0212000010202112122212111101102000002222202000002000200202,-28.0,8.602325267042627
17,0012122000011212210002211120221211002100001022112220021221,-32.0,8.602325267042627
18,2222000000222122222200000221022121121221221001000002002001,-31.0,8.94427190999916
19,0011221112202011010022100101212220220122121100100000221211,-32.0,8.602325267042627
20,2210001122201221112211212002100111221000221000000100221002,-31.0,9.219544457292887
21,1120110001001212211120100220102001111220110100010001000122,-26.0,8.94427190999916
22,1002211002210010010211122201010000221210002010020122022122,-28.0,8.602325267042627
23,0121221002002011001101120020011011221022002000012200100221,-25.0,8.602325267042627
23,2012122000002112210002110220221222210222222100010102022021,-32.0,9.219544457292887
24,2111221100001212210222222002001100122122221001001020100221,-33.0,9.219544457292887
25,1111221101221010012200121220210000101012111100200011221201,-32.0,8.602325267042627
25,0002201221021010022001220221000120100012211100200000221100,-33.0,10.295630140987
26,0011220002221221021001212212000110010122102000020200200101,-28.0,8.602325267042627
26,2211000222221000120012211212000100010102210212202111200101,-34.0,9.219544457292887
27,0121000000111212202222000220122112222121011010000201001100,-35.0,9.219544457292887
27,1120220201220122122022002000111100011002211000010120221200,-30.0,8.602325267042627
28,1020211222011221201221020222202212202222201100010202001020,-22.0,8.602325267042627
29,0121221002002011001101120020011011221022002000012200100221,-25.0,8.602325267042627
29,2012122000002112210002110220221222210222222100010102022021,-32.0,9.219544457292887
30,0010212211000212112100110012211112212222222100020022000000,-33.0,9.219544457292887
1,0220010122102010020221202002000000002202221100000110200001,-34.0,9.433981132056603
1,1211221022102010020221202002000001002202221100000110012201,-31.0,8.94427190999916
2,0011212200220000002210011111001000002122201001000200221122,-32.0,8.602325267042627
3,0011212210220000001212201002000000221120002100000221000121,-35.0,9.219544457292887
4,0211001122111011001202200220000010002222211100010100000021,-32.0,8.602325267042627
4,2211001122111010010122112002001000002222211100110100000021,-35.0,9.219544457292887
5,2212002001010121212002211101000121012211102000011200001000,-32.0,8.94427190999916
6,1001212222112001012211200102101100012212002122221121001101,-33.0,8.94427190999916
6,0001212200220000122210011201100110102112122100010221000221,-34.0,9.219544457292887
7,0012201212202100110010021222000100002212000200100101221000,-29.0,8.602325267042627
8,0212001012002022120211201212001000002122021010020000002000,-31.0,9.219544457292887
9,0001221102202001022001022120010100002210222100000100221000,-33.0,9.486832980505138
10,1001212222112001012211200102101100012212002122221121001101,-33.0,8.94427190999916
10,0001212200220000122210011201100110102112122100010221000221,-34.0,9.219544457292887
11,2212002122021000101012211001200111000121110100101221001102,-30.0,9.055385138137417
12,2212001002002212022220010221112122222022211100000200000001,-35.0,8.94427190999916
13,0001221102202001022001022120010100002210222100000100221000,-33.0,9.486832980505138
14,2221001212002100001221102002010022212200002100010010221020,-34.0,9.219544457292887
14,0010221212002100001221102002010022112200002100010020221020,-33.0,8.94427190999916
15,2211001100222122222210020220221011221212221200001101020220,-32.0,9.219544457292887
16,1221000221101110001202220220000101221100121010020001002211,-32.0,8.94427190999916
16,0121000221101110001202220220000101122111002000010001022121,-33.0,9.219544457292887
17,0121001212200001101110211120221211020222221200100000220222,-33.0,8.94427190999916
17,2010021220210100200111221221200001000000102110002001112021,-26.0,8.602325267042627
18,0211000100222211221002201102001001210222221100000100002001,-34.0,8.602325267042627
19,0011221112202001002212200202010010011202002010011020100221,-33.0,8.94427190999916
20,0011220221120000120221201001110100112022001020010220121000,-34.0,8.602325267042627
21,0001221102202001022001022120010100002210222100000100221000,-33.0,9.486832980505138
22,1210002210012101002111122202211221000220100200000101101011,-26.0,8.602325267042627
22,2211111011022000210002212002100100120011101122111211200221,-28.0,8.94427190999916
23,2022201012210100220022121000100002212012002100120002021120,-31.0,8.602325267042627
23,1111221012210100220022121000100001001002101100100001021221,-34.0,9.848857801796104
24,1221010000221100100221200202001022202002111000101012120221,-33.0,9.055385138137417
25,0011122111120000000112200220122111010022002212111101221222,-33.0,8.602325267042627
26,2210002220201110001022022221121222000222001110011220000120,-27.0,8.602325267042627
27,2102220000002002222112022120221110221112221100010010000002,-27.0,8.602325267042627
28,2212202110112000010212201120010000012211201100110100220221,-34.0,9.219544457292887
28,0120000112110212212210000020212222211112220020010000220221,-33.0,8.602325267042627
29,0011221112002100000120022122122112222212202010010200121000,-35.0,10.63014581273465
30,2002212101221001000012210001011002101122121010011221000000,-30.0,8.602325267042627
30,1102212101221001000001220012222211221121111001120022001001,-32.0,9.219544457292887
